1111101110101000001
1111111101111110100
0111111100001100011
0111111101100110101
1111111101111100110
1111111100111001011
1111111101101001101
1111111000000010110
1111111101100001100
1111111001001010101
0111111100011110100
1111111010001001110
1111110101011001110
0111111001100001010
1111111101000011110
0111111100011010111
1111111010011101101
0111111101001000101
0111111100100010100
0111111011010010110
1111111101011010111
1111111100101011110
1111111101001010000
1111111100001011011
1111111101001101101
0111110110101111010
0111111101010000011
0111111100001110101
1111111011101000000
1111111010000101100
0111110101110110010
1111111011100110001
1111111011000000010
1111111010111111100
0111110101100101110
1111111100111001110
1111111010011100010
0111111100111110110
0111111100110101101
1111110101100110000
1111111000100110110
0111111100111011111
0111111100110011010
0111111100110011001
1111111100111011010
0111111011100000111
1111111001001100111
0111110100101111010
1111111100111000100
1111111101010111011
1111111001111011100
1111111011100010000
1111111100001101011
0111111101001010000
1111110111000001110
0111111100000010101
0111111011011100110
1111110110011011001
1111111100011011010
0111111010010101101
0111110100010010100
1111111011010010110
0111111011010110110
1111111000000100000
1111111101001000100
1111111100001101011
1111111101010011111
0111111101000111001
0111111010011010100
0111111100010101011
1111111101101111010
0111111101000011010
0111111100011100110
0111111101011011100
1111111100011010001
0111110111110100011
1111111101001001100
1111111011011010110
0111111100111011110
1111111101101100101
1111111011111100101
0111111001100100001
0111111010110101100
0111111011010000101
1111111000111011011
0111111100111011100
0111111011111111001
1111111010101000111
1111111100100111100
0111101101111010100
0111111100101110100
0111111001001011000
0111111101000011110
0111111101011100101
1111111101111001000
1111111010010011000
1111111101101000100
1111111100000110110
0111111011010000101
0111110111001101011
0111111010111011010
1111111011000101001
1111111011010001110
1111111101110110010
1111111100011100010
1111111101011110011
0111111100000010011
1111111100111110001
1111111100001001101
1111111001001100111
0111111010110011011
1111111011111010010
1111111010101011100
1111111101011001111
1111111100110110010
0111111100001100110
1111111010010000110
1111111100000110111
0111111100110110111
1111110000110101110
1111111100100000100
0111110101010100101
1111111100111010111
1111111010010000111
1111111100101110110
0111111101111011001
0111111011000011100
1111111000100011001
1111111001101000100
0111111011100000101
1111111101111010010
0111111011001000111
0111111011001110010
0111111011111100010
0111111100101110101
1111111011001111111
1111111010100010101
1111110101100111100
0111111011110110011
0111110110011001100
0111111000001010100
0111111100010010111
0111111100100101010
0111111100101011111
0111111101010000001
0111111101001100110
1111111011000001011
0111110100101100100
0111111100101101001
1111111010111110000
0111111010000011110
0111110001101001101
0111111001100000011
0111111101110011010
0111111101101000101
0111111100100101001
0111111100000011111
0111111101110011100
0111111010010101100
1111111011000110000
1111111010001010000
0111111100101110001
1111111101100111101
0111111101011011110
0111111101010100000
0111111101001100001
0111110110100010011
0111111010111001110
0111111101000000000
1111111101110000001
0111110111001111000
0111111010110101101
0111111010001111001
0111111100010000001
0111111100100101110
0111111000100110111
0111111100110110110
0111111101101101001
1111111000011011001
0111110110100010111
1111111100010100110
1111111100011111110
1111111100001011010
1111111100011101001
0111111101100111100
0111111101111101110
1111111100111001000
0111111010011000011
0111111100011010110
1111111010010110010
0111111101001000111
0111111101010110010
1111110111001000100
1111111100101111011
0111111101110110101
1111110100011111100
1111111010100010011
1111111010110001010
0111111001100001001
1111111100010001011
0111111101000000101
1111111001000101111
0111111101000000111
1111111101111001110
1111110110011100000
0111111011010011101
1111111101001010101
0111111101110010000
0111110110011111110
1111110011110110001
0111111100110001100
0111110111000001010
1111111010101010011
1111111101001010011
0111111100011010011
1111111101101100111
0111111101001010110
1111111101011010011
0111111100100100101
1111111101010010110
0111111101111111000
0111111100011010011
0111111010100011000
1111111101101001010
0111111100000110011
1111111011001000101
1111111010000111111
1111111100111001000
1111111101100010000
0111110111011111101
1111111101100111100
1111111101100111110
0111111000010111110
1111111100100111111
0111111100000001100
1111111100100000100
0111111000110001110
0111111100110010111
1111111100000111011
1111111100110101101
0111110000101010111
1111111001110010100
1111111101011110011
0111110000110110000
0111111100101111111
0111110010100101111
1111111010100110110
0111111101000000100
1111111100001010101
1111111101111100010
0111111100011001011
0111110110001100011
1111111100001111010
1111111011010111000
1111111011001111111
1111111100001011100
1111111011001000010
0111110110000011001
1111111100000010011
1111111011010100101
1111111101010110000
1111111100100101001
1111111011011000101
0111111101000100001
1111111011111010100
1111111100111000110
1111110110110111010
1111111010011110101
1111111101101010111
1111111101100111010
0111110110000111110
1111110011101101100
1111111000010000110
0111111000010010100
0111111011000101000
0111111010010100110
1111110110100100100
0111111000001100001
1111111101011010010
0111101010011101111
1111110111110011111
1111111010000011100
0111111010111100111
0111111001110001101
0111111101100110111
0111111100010101010
1111111010010111001
0111111101101000110
0111111100100101001
1111111101000101110
1111111100101110111
1111111011101011111
1111111101010001010
1111110010010000100
1111111100001001000
1111111010010000000
0111111000100000001
0111111100110000010
0111101110001010011
1111111011111100111
0111111101011101110
1111111000010011000
0111111100001110010
1111111011001111000
1111111100001000000
1111110100101111010
0111110100000110000
0111110101001001101
0111111100101101001
0111111101111001000
1111111010100100011
1111110110011010111
1111111011101001110
0111111100110111000
1111111001011011110
1111111100001010011
1111111001100101010
1111111100110011011
1111111101010100101
1111111100111011111
0111111011111001101
0111111100111100000
1111111010101001001
0111111011000110111
0111111101110101111
1111111010011101000
1111111101100100010
0111111100111010100
0111111100000010110
1111111010010001001
1111101100011001001
0111111001111001011
0111111010010110001
0111111010100001101
0111111101010010101
0111110111011010000
0111111010110101011
1111111011111100001
0111111000011001110
1111111101011101010
0111111100010000110
1111111101001001111
1111111101100110110
0111111001101010000
1111111101010101000
1111111011111110100
1111111100101111000
1111111010101110100
1111111100001000111
0111111100101001101
1111111011011100111
0111111100011110000
1111110111000100100
1111110101110011010
1111111101001000111
1111111101010001010
1111110110100010111
1111111100101010010
1111111100001111001
0111111011000101101
1111111100010111000
1111111100010010101
1111111100011010000
1111111100000100001
0111111100101010000
0111111100101101011
0111111010111001011
1111111100000110101
0111111100001000110
1111111100001001100
1111111010101011100
0111111100101100011
0111111001100011111
1111111101110111001
1111111101001000001
0111111010010000001
1111110101100011100
1111111100111100100
1111111010110010110
0111111000010110111
1111111101101000111
0111111000110100011
0111111101011001110
1111111101000101011
0111111101101010011
0111111100100100001
1111111100001011010
1111110110111101100
1111111101100000001
0111111011110101111
1111111010011111110
1111111001000111110
0111111010110110100
0111111100110000001
1111111101100000000
0111111101111000110
1111111100011000010
0111111100000001000
1111110111111111000
1111111101110100110
1111111010111111010
1111111010111000101
1111110110011001011
1111111010010100001
1111111001000001110
0111111101010111010
0111111101101110110
1111101010100001110
1111110100110110010
1111111100110101011
0111111100111001100
1111111100111111011
0111111101011101001
1111111000110100110
0111111101000011101
1111111101000100001
1111111010110101010
0111110101000001011
1111111101011101000
0111110101110100000
1111111100000101111
0111111101001101011
0111111000110101101
1111111100100110010
1111110111011001010
0111111101100100010
0111111100010100001
0111111010111010111
0111111100101101110
1111111010000110111
0111111000011100101
0111111101010100110
0111111101100110100
0111110110101111001
0111110110000000100
1111111011010010011
0111111100011101101
0111111101000100010
0111111010011101001
0111111100001101100
1111111100101110001
1111111101110101111
0111111100101010111
1111111011100100110
0111111001100100110
0111111010110011010
0111111010011001101
1111111011010001000
1111111001101010100
1111111100001000111
1111110001101110101
0111111101010101011
0111111010000011101
1111111100110101010
1111111000001111101
0111110111001011010
0111111100100010111
0111111101000010100
1111111101001100001
0111111101110010011
0111111100010110000
1111111101000000110
0111111011000011010
0111111011010000000
0111111010101101010
1111111100101111010
0111111010001110100
0111111000101110111
0111111100001110110
0111111011001101111
0111111010111000010
1111111000010001001
0111111100010000100
0111111100101100000
0111111100100111110
1111101001111100010
1111110011010011010
1111111011101010111
1111111011000111001
1111111100100001110
0111111010111001111
1111111000011111101
1111111011011001011
1111111010010001010
1111110100010001100
0111111100010011001
1111111011110111101
0111111101111010010
0111111010100110111
1111111100100001101
0111111001001101000
1111111100010100000
0111111011000111111
1111110001000011000
0111111100101100000
1111111100000110011
1111111101100010001
0111111101100100010
1111110111110101110
1111111010011100110
0111111101011000111
0111111010010001010
0111111011000100110
0111111000110110110
1111111100100101101
0111111101101111110
1111111011101101101
0111111010110011010
1111111101010001000
1111110111000100001
0111111011100110000
1111111100011000000
1111111010111000001
0111111100100001000
1111111010000100010
1111111101010001111
1111111011010111101
1111111101011001111
0111110110110100011
0111111010101100000
0111111001011100101
0111111001110000000
1111111100101011010
0111111100111101010
1111110111011100000
0111111101111100010
1111111010101101010
1111111101110110111
0111111010100100001
1111111010101001111
0111111101010001110
0111110111110011010
0111111011111000111
0111111001101100100
1111111000000001001
0111110101100100111
1111111010101101011
0111111010101101100
0111111100100001110
0111111010111010011
1111111010110101001
0111111100101101111
1111111100111100101
0111111101001101001
1111110000110010011
0111110110001000111
1111111100111001100
1111111011011101011
1111111010100010011
1111111101011100101
0111111100101000100
0111111000011110101
1111111100111001110
1111111101000100100
0111110100110011000
0111110110000101000
0111111100111100101
0111111100111011110
1111111100000110010
0111111101111010110
0111111100011011100
0111111000100001111
1111111010000010000
1111110111110001110
1111110110010010110
0111111011110111111
0111110110111001001
1111111100001011101
1111111011001101101
1111111100100001011
1111111010100101100
1111111100111100010
1111111010011110100
0111111101101010010
0111111100101111001
0111111101010010000
0111110011100100110
1111111101111000010
0111111011001111001
0111111100100011001
0111110111100011000
1111111101110100010
0111111100011111101
1111111011101011001
0111111101110101101
0111111001110001001
1111111011101101101
1111110111111000101
0111101110001001001
1111111011010111011
0111111010100001011
0111111001000010001
0111111001100100110
0111111101001011101
1111111100001100010
0111111001111100110
1111111100101100000
1111111101000010101
1111111100101010101
1111111010111011110
0111111011000110110
1111110110001100110
1111111011100001111
0111111101000010110
0111110101011110010
0111111100111010111
0111111101010011001
1111111011100110111
1111111100110011101
1111111101000000100
0111110111101101100
0111111100010010111
1111111010110110010
0111111100001100100
0111111101010000110
1111111010000011100
0111111101100011001
0111111101011110100
1111111101000101111
0111101101010100101
0111111011110110100
0111111010111111111
1111111101011011110
0111111100110111111
1111111000100001011
1111111100101100000
0111111101001111100
0111111100000011011
0111111001010110000
0111111100001011001
0111111011110010110
1111111101110010011
0111111101110110101
1111111000110101011
0111111100101000010
1111111011000100101
0111111010100101001
0111111010001010110
1111111100110111001
1111111101101011000
1111111011110001001
0111111100110111010
1111111100100001111
0111111010001010111
0111111011001100001
1111111011110010000
0111111101110000110
0111111100000001000
1111111101011110111
1111111100001010011
1111111100111001111
0111111100001011100
0111111100110010001
0111111101101101100
0111111011100100001
0111110110011010001
1111111100111001111
0111111001011000001
1111111100111000111
1111111011000011101
0111111000100100000
0111111101001011101
1111111100101000111
1111111101000001001
1111111001000001101
0111111100110010101
0111111100011101111
0111111101101001011
0111111011101111010
1111111100101000101
0111111010100010001
1111111101101101001
1111111001001100110
0111111100110001101
1111111101000001011
0111111010000110010
0111111010011110110
0111111010000101011
1111111101110010011
0111111011101100001
1111110110101101101
1111111100100010010
0111111010111010011
0111111101001010100
1111111011111010010
1111111100000010101
1111101010010001001
1111111100010010101
1111100000010000100
1111111100111111100
1111111101100001101
1111111010101011010
0111111101101001000
0111111000110001011
1111111100110100101
1111111010111000000
1111111100010010011
1111111101001000101
0111111100110100101
1111111100101001011
0111111010111111011
1111111010111101111
1111111100011011000
1111111101101110110
0111111101000111000
0111111010111010100
0111111101000101110
0111111010011011010
0111111010011010110
0111111100011011111
1111111101011101111
1111111011101000000
1111111101010110110
0111111001110100001
1111111010111100100
0111110111010010101
1111111101010111001
1111111101000111111
1111111101010000100
0111111010011101100
1111111011001011100
0111111100010000100
0111110101110011010
1111111010100000101
1111110101001101010
0111111101011111101
0111111000101100011
0111111000100101001
1111111100010111011
1111111101000011110
0111111100000000101
1111111101011011000
0111111101010101100
0111111100110101101
0111110111100101010
0111111100001010111
0111111101101011010
0111111010101111000
0111111101010010100
1111111100101011111
0111111000001110100
1111111101001110111
0111111101111000011
1111111100111110111
1111110100100001111
1111111010110000011
0111111010000010000
0111111000010000011
0111111101001110001
0111111010101110110
0111111100001000101
1111111100001010000
0111111100001110000
0111111011011000001
1111111101101010100
0111111001000011001
1111111100111101111
0111111100000011010
0111110101100000100
1111110101100111110
0111111101111011011
0111111100111001011
0111111100110110001
1111111001001011110
1111111010001010001
1111111011010001000
1111110110011111010
0111111100000111010
0111111101101011001
1111111011001000111
0111111000000101101
0111111001101101110
0111111100101110000
0111111100000010000
1111111101011101001
1111111000101100011
1111110000101101001
0111111100001100010
1111111000110000010
1111111100101100110
0111111100111101111
1111111101010110000
0111111001110110100
0111111100101111001
0111111101101100001
0111111101000100010
1111111100100001000
0111111101010110001
0111111100000001110
0111111100011101111
0111111100001000110
0111111100001100000
0111111100000000001
1111111001001100000
0111111001000011010
1111111101100110011
0111111100100001011
1111111101001100001
1111111011000001011
0111111100100110100
1111111101000001100
1111110111100110010
1111111011111110101
0111111101011100000
0111111100001000011
0111111011000100001
0111110110010100110
1111111010000110011
0111111000101001011
0111111100011110101
1111111010101001100
0111111101101011110
1111111101001110010
0111111011101100110
1111111100110011000
0111111011110100000
0111111101011101011
1111111001110111111
0111111100101101101
1111111011001111000
0111111100110010001
1111111011110000101
0111111100010001100
1111111101110110111
0111111100000110101
0111111000011010110
1111111010111111001
0111111010101101011
1111110111110000010
0111111001010000001
0111111100011100010
1111111000110001101
0111110110010100010
1111111100110100011
0111111100100101010
0111111101010001100
0111111101110101100
1111111101111000000
1111101001110001101
0111111101010101011
1111111100110001011
0111111101110000010
1111111010010000101
1111111101011001101
1111110110010110110
0111111011011111100
0111111100001110011
0111110110100110110
1111111010111110010
0111111011101101101
1111111101101011111
0111111011111101111
1111111100110011100
0111111100001110011
0111111000111111100
0111110101001011000
1111111000001001001
1111111011010010111
0111111100011000111
1111111010010111100
1111111101101101000
0111111100000110101
0111111010111110001
1111111100000110100
0111111101011100110
1111111101010101111
1111111101100110101
0111111010111011111
0111111101000000000
0111111100000110111
1111111100000000000
1111111011110010100
0111111101000101000
1111111101100000000
1111111010000110110
1111110110000000001
0111111011000111001
0111111001101100100
1111111011100000001
1111111101111000110
0111111100100100111
0111111100000110010
1111111101001110110
0111110111000110010
1111111010010100000
0111111100011111101
0111111000010010011
1111111100000001111
0111111101001100110
0111111100000110000
0111111101011011100
1111111100111011011
0111111100001101011
0111111100101110010
1111111100000000000
0111111100001110000
0111110110011110010
1111110111111000010
0111111000010010111
1111111010110001101
0111111100011100010
1111111000101000101
1111111100110010010
1111111101110100001
1111111100101011011
1111111000010011001
1111111011100001000
1111110110001101011
1111111001110100010
1111111100110100100
0111111100011111101
0111111101110110110
0111111010101001001
1111111011100100101
1111111101001000101
1111111011111111010
0111111101001010100
0111111101000110000
0111111011111110001
0111111000101000111
0111111010010101111
0111111101100100111
1111111100000111010
0111111101000011011
0111101001011111010
0111111011010000111
1111111011011100110
0111110011001100111
0111111100101010011
0111111010011001010
1111111101010001001
1111111100101101010
1111111101001100110
1111111010001000000
1111111100000100001
0111111100011110111
1111111101011010110
1111111010100101101
1111111011111100100
0111111011001011110
1111101010100111000
0111111010001011110
0111111000111001100
0111111011111101110
0111111011101000001
0111111100111000111
1111111011011011110
0111110100000100100
1111111101111010110
0111111100000010100
0111111011100100101
1111111101101100000
1111111100100111011
0111111100111100101
0111110111110100100
0111111001011010010
0111111101101010110
0111111101100000111
0111111100111001010
1111111101100011011
1111111001011110111
0111110101001101000
0111111011000001011
0111110111010000111
0111111100111001111
1111111010101010101
0111111010101001010
0111111101010111010
0111111000100011101
1111111101001101110
1111111101110001001
1111111011111111101
0111111000000000011
1111111100011011101
1111110101011100011
0111111101101111001
1111111010110101011
0111111100001011110
1111111100010001100
0111111000011011011
0111111101111111011
1111111100001011001
0111111101010010010
1111111101110001011
0111111010111000010
1111111000110000001
0111111100110010110
1111111001001111101
0111111000011001001
0111111100100110111
1111111101110000101
1111111100110110010
1111111011111010111
1111111101100000100
0111111101111000000
0111111101010111100
0111111100110000101
1111111101110101011
0111111100101110100
0111111001010110110
1111101000110010110
0001111111110011101
1100101010011100110
1100000101101001010
0100101110110011111
1101001101100110100
0011011010111000111
1010001110010000111
0100101010111110011
1011010011011101001
1010111010100001011
1101000100001110111
0010110010001010011
1011010101010111001
1001001111001010001
1110001010000001100
0100110010011101111
1111101110001001001
0101111100000110000
0011011100110010101
0010001001001000001
0110101000101010001
0010001111110100010
0111011001110101010
1111001001001100110
1011111101111111011
0100101000100001111
1011000000101010100
0001011110111110010
1001001010111011000
0110010001010001000
0000110011000000001
1110100011000110011
1111110110110100000
0001101010010010011
1010001001001111011
1100011000001101010
0111000001100111000
0011000001000000110
1011111110111110001
0110111000010110000
0111111100111100000
1110101110101011001
1011000111100001010
0001000110001111100
0001100011111100001
0111110011111110111
1100110001101110101
0100101001000101110
1010001100110001110
1100111000011001110
1011001001010010111
1110111111010111010
0010011101000010111
1000101000110101111
1101100000001010010
0110010011110011111
0111001010110000011
0100110101101111011
0011011011011110111
0110101110010101111
1000000010010111111
1101101000101100010
1011011010110000001
1001110011001010100
1010000000010010001
1101001110000101001
1111110110001010000
0101100000010110101
0001111010000011011
1011011000001100111
0010001000100001011
1101101110101000011
1000110000011011010
1101101111011011000
1011101110000011000
1100100101010001101
0111000101000110010
0000110101101101001
1100000100010010001
0111010000101111110
1001100100011110010
0110110000000111100
1000110100000110011
1101001000101101111
1000011100010010100
1010110000011111010
0001111101010010010
0101111011001001100
1100001011100000010
0010001100100101110
0001010110100011011
1010001000101100110
0100101110101001101
1000100000100011001
0001010111101000000
1011100111000010001
1101100010000111011
1110110110000011100
1000110100110001111
1000100000100000000
0000101100100101101
0101100010111100111
1100111110010000011
1101011100111001110
0011001010000000110
1001001100011000000
1010000110111011110
0110011110011101100
0111010010110011110
0001101110011110010
0011001111100101000
0010000111000000011
0111001001100110011
0100011001010110100
0100010101111100011
1101011000000000100
0010001011000110100
0110100010000111000
0001000001101001011
1011011000101001011
0101011101111001100
1100010011011100100
1001000011110111010
1101101101010100011
0011010110111010110
1101001011011101011
1101111010110001011
1011100000111000111
1111110011111100011
0100101001010110100
1100110001010100110
1100001001001110000
0001111001111011010
1011100100100101100
0110110011101111001
0000000010011100100
0111101100000101100
1011001110001000011
1111010001000111010
1001011111110011001
1000101101000100011
0110111011000111111
0000100010100111111
1011110011110011100
0000011110010011010
1010001011000100111
1100001101001110000
0011011001011110100
0110010100110110110
1100110001110100010
1111111100010100000
0100101010111010011
0111110010100011100
1101011001101110101
1000011010101010101
1100011110101010101
1110010010000101110
0001111100101110110
1100100101000010110
1011010000001101111
0010010101010111011
1110110010111001000
1101110101101101100
0110100010111100000
0010111000100000010
0110111111100011101
1110110000011010110
0101100000011000111
1101100111100010100
1011100110000001100
0100011000000010101
0010100001010010101
1100011000100010001
1000010000000111100
0001000100111111001
1111101000000011110
1001110100110001100
1010101000000110010
1010100100110111100
0001001001000101010
1101111100100110001
0001101110001011111
1010111101000100000
1000110111001000100
1110111111111010110
1010100111101110011
1100110000100010010
1101110110100010000
1101011101110111111
1111000001111100011
0010000000001010100
0100101101011111011
1011010000011110011
1011010110101000001
0001101000111100011
1101000001101011000
0101011111000111001
0111011100111100111
0101100010010011100
1000100111101011110
0001100000001000111
1001000110111101101
0101001000101011110
1100110100100111111
0110110011001010111
0101101100010110011
1001101101011101001
1001110100111100010
1101011100110001010
1000101011100110010
1011110011001010000
1100010000010001001
0100010011010010011
0010011111101111010
1010011100111110010
1100010000010110100
1011110010001010110
1010111111000101011
0001001111101111000
1101100011010010111
1111010110011011110
0000100100111011100
1101101110010000010
0101111100101001110
0100110111010001101
1011111010010000100
1000100100101001101
0001011001000000001
0100101010010000101
0100010010011111010
0000011110100101010
1001000010100110110
1100100100111001011
1101101101011110100
0011110001011100010
1100100000101011111
0111000010001110000
1010100001101101011
1101101101100010110
1101011011110001011
1110011101011111110
0111001111110100110
0011010110001000000
0001110100011001010
0100000101100000001
1001001010001101101
0110000010011111100
0101110100001101010
1010101110101010000
0111110100110001111
1001110101010010000
1111011100001011111
0000111001011111111
0100101101010111111
0100010001000111111
0001011100010100000
1100011000011110011
0101000110110100100
0000001110011100010
1000100101000100000
0001000101101110010
0100011001001100010
1001110000001100000
1101001111011011000
0010101110100101010
1100000100101111000
0100001100001111110
0101011111001001110
0111010101100101001
0110000101110001101
0010011010000110010
0000100100100011100
0011111110110001110
0001010101111001111
1101001011001101001
0011011100000010100
0011110010000000111
0001111101001001011
0110001100010111111
0111011110000011111
1001111000001001001
0100011111001111111
1000000111011010000
1000100111110100001
1010000101101010010
0010101011010111111
0110000001001001111
1100101111111100000
0110111100101100111
1111001100000010111
1110011101101111010
0000111011100001100
1101111111110000110
0111000000011011101
0011001000100010101
0001010011000101101
0000100000011110100
1001001101101001100
0100101010100001010
1011011101111011011
0000101100001000101
1010111101111100101
0000100010010100100
0110011001000100100
0101000011110110001
0100010101011101000
0011000110000100111
1100100011110001100
0000010111001110100
1000011001110001101
1100001100000111100
0001001010100000100
1010110000111110001
0001100100010011001
1111100000101000001
0111101010101010101
1010011101001111100
1000001111010001111
0010100111010110001
0010000111011111010
0000000111011010011
0011111001010001000
1000000101101100001
1010000000001110100
0101110111101101001
0111001100110010001
0111011110100000101
1010110001001101000
0100111100110001100
0110010011100111101
1101000000100000111
1111101110111101001
1011101000100111100
0110000110011110000
1100001010000101100
1001001101101010101
0110011100011101101
0100000110111100110
0101101000000100000
0011010000010010000
1001101111101100111
0100000011001000011
1110000100011011111
1000100111011010101
0101100101100000110
0101101001000010000
1010101111010110001
1101101011110010111
1111011110110001011
0011010111101011010
1011100110101011110
0111101011010001010
0001111110010111010
1000111010011001010
0000001001010111000
0011011001101000010
1001111110010000010
0110011100100010010
1110001011111000000
0010011011111000000
0110010000010011010
1100111011100000001
0110011000011001110
1100100011100000110
0010001111010110110
1011101011001010000
1001100010111101100
0010110110001100101
1010100111011010011
1000110110000000110
1010010100011000010
1000110010100000001
1101101101000000001
0111110001110101001
0100011000010011110
0001010110001101111
0111001000111000011
1110100011010100011
0000010110010000000
0000101100100111100
0000111111101100100
1101111011100011111
1000111011001110100
0001001100111000000
1001101010000000010
0000110100000110000
0101010110011000100
0001111110111001110
1111001100100011001
0010011000010101011
1000000101101101110
1110101011100111110
1100000011100000100
1101011110110100011
1101000101001100110
0001110010100001000
1100111111110110011
1111010100101010110
0110111001000110000
0100011010111100011
0010000010110010011
1110001011011110000
0101110010001001111
1111001111010110100
1111010100000000011
0101010011000110110
0010011010011000011
0100100000000101010
0010101010000011000
0100001100001000000
1010000110011000111
0001000110001100101
1110001001100001001
0001010110101100111
0000011011100111110
0010110000000110001
1110000101110001011
1110111010111110101
0000010110011000011
0111011000010110011
0011101111110000001
0110101110100101110
0110010100101000100
0100001101110001000
0001111100101101100
0101111101010111011
0001100000110111000
0001110011110111100
1011011010000110000
1011001011001100000
0001100010101011010
0001001000111010110
0011110100010010100
0111110011011110101
1111100111100010000
0010010000100010110
1011110000000000110
0111000011010110001
0111110001110110101
0000110110101101110
0000000100010001111
0111001110000111101
1111000010100001100
0000001000000110011
0110110010100110110
1000101011101110100
0011110100100001111
1000000011111001111
0101011010111001110
1011001111001110010
0100101101001100000
1100001110111111001
0001001001100100010
1110010010010001101
0111111100000110101
0011110000011010100
1010011111010010110
0111011101001010100
1010001101001110011
1111010100001001000
0010100100010100011
1100010100000110010
1111101110001110101
1111001101000011001
1010001110010110111
1001001000000100111
0010001111100110101
0101100010110010100
1101110000000011111
1011011100001101101
0011101100111101000
0111101111111001000
0100110010001011100
1000011101011010011
1100111100111001111
0001011010011010000
1011111111111110100
1010111111100101011
1000110001110110110
1001110010111010101
0000010110010110100
0101100111011011111
0100011101101011101
0011011000111111010
1101011000000100001
0110101000000000010
1011111101110001000
0111110010101010000
1111000001101101011
1100100111000101011
0000100011010011000
0101000011110100100
0010010100001011110
1011000001011111010
0001011101101110000
1000010101010001010
1101000011101110100
0000100100000000110
1001100110110111110
0010001000010101010
0110101110101101011
0111010010101010110
1000001100010110110
1100110110111001110
0001100010011011010
0101011010100000010
0110011000110111010
1000111000101110001
0110100010011100000
1100000101000110010
1110100001001010100
1000111100100110110
1010011110001000010
1101001010110111110
1100001000001101000
0010010010110000111
0011111110011100011
0011001111001110000
1001011100010010011
0111100101100101111
1001001100000100110
0011000010000001100
0100110000011110100
0100011101011000111
0010000110001010111
1010111111101110010
1100000100110010101
1001011001110101001
0111110001111100001
0001001000101101010
1110110110001011000
0100111111010110000
1100001011010101010
0101101100101000001
1000100100111110001
1101111000011101011
1011001110100001000
1100111111110001101
0000011001001001111
1010001000110111001
0010100110010111110
1001101110010111000
0011100001010000010
0101011100110000001
0011000111100011111
1111111000011111111
0010111010110000000
0101010110111011011
1111000001100010001
1101110111011110101
1110010111100011010
0111101100101001101
1000110010110100000
0100000111110000010
1101100100101110101
1001010101101111101
1100110000000101010
1111111010001010111
0001110001011011101
0001011000100101111
1111100011011101101
1101000010010101011
0111110001111110111
1100100111100010011
1100100001100010101
0000011101101101011
0011110001100100100
0010100000000010111
1010111000001011000
1110101101111001100
0000101000110110111
1000001010110110110
0101011100010001101
0011010111111001100
1101001001000111111
0001100111100010101
0011000010110011011
0101011001000001011
1100111101010110101
0011011111110011111
1101101010101000111
1011000111101110011
1111001100110001011
1100000001111101010
0110110011011011110
1101000001011000010
0011000000010011101
1110100100111100011
0001010110000000010
0000101111010010000
0110110111111001100
0001011100001110111
0111100000110010101
0111000110110110111
0010110110010000011
0110101111100111100
1011111100010101010
0011000010000100000
0100011110001000001
0110110110011100111
0001001010101000000
0001100101011011101
0110011101000101110
0101011010010001100
0101111111110001100
0101000011010011000
1011001010000010101
1111011011000111101
1111111000110010100
0000000110111101101
1110110110001010101
0100111110011010000
0110011000001000011
1101100101100101010
1001111110010010100
0000011101100010000
0100101110100010110
0111010110000010111
1111110101001111110
0010101110011101010
0101011110010101111
1010011010000100101
0101111010111000111
0111011100011111100
0110100101111101011
1011011011110011001
1100111100000000101
1001000010001110100
1101111100000111111
1100001100001001111
0111000011100001010
1011011111010000101
1111010111000000101
1110011000110110111
0000110111010000000
0111100101001110011
0101000110110100011
1010011001001101000
0110011010001010001
0010001001000100100
0000000010101000100
0001011111010011000
1101011101011101001
1101011101000111101
0001010101010001110
0010000101000110110
0100110101110100001
0011001001011011100
0111001000011101000
0000001110101110000
1011100100010011111
1101111100001100000
0001101000000001011
0101100110000110100
1100001010101100000
0101001010100011100
1110101000001011001
0110000110110001101
1010111100010000111
1111010101111100100
0010101101101101011
0000001011110110010
1000110000011000111
1110110101101111111
0110000011000001010
1011111000000110110
1101110001110101110
1111100011000000100
0011010010111001100
0010111111111001000
1111111001000111111
0100110100001010010
1010111010101101011
0001010010101001010
0101110111100000000
0101100101011100101
0011011001101111010
1100111000100100100
0001101011011100111
1100010111001010111
1010111010100111001
0011100101111111100
1100011110000000110
0011011000110010110
1111101000010110100
1001110110110100001
1100100110100110001
1100001000101110111
0010101111001101111
0110001110000111110
1100101100010111101
1111101001111001000
0100100010111111001
1001111101010101011
0101110000000001110
0010000111000010001
0111001101000100010
1000011110011000001
0001011000001111110
0110111101010011001
1001011011011111100
1000100110100000100
1111101100100011011
1100110001101010110
1010001101110000110
1011100111100110110
0000011111000011010
0100011011100000001
1110011000000110110
1100010110111011101
0010110010011000001
0011111000110100111
1111101101000000110
0010000011011110000
1010011000111011100
0110100111011000100
1110011100000110011
0110110001010111001
0101001000000100101
0010000101100011110
0101011111010010001
1000100110100000011
1000110101001110110
0010110110000001110
0101111001010100111
0110000101000101100
1100010101110010011
0000101101111010101
1000011001001011110
0010010110101000001
0111100001000010001
0011010100010000011
0010000110110101110
1001001001001100001
0000001010000001001
1101001010111010010
0111101000001011000
0011101111111011000
1000011000011110110
0100000110011011101
1111010101000000000
0011101100100111001
0110001101110110001
0011010101010000011
0101100110111111100
1110001001011110111
0111011100100001011
0110000000001110101
1101111001101001010
1001100111110110100
0111001000000110001
1110000000011110011
1110011100110000100
0010010111010100110
0111001011011011010
1111010010000110100
0010001100011110110
1001010111101110100
1110011110100010101
0111111000110110010
1101111110000110110
0100111101010100011
1111101010010110010
1110010011101011001
1110001001001110101
1001111101010110111
1101111011000101001
0101010011000111100
1101011101111100111
0101010001100100101
1100000101000000100
1110110000011111010
0110100110100111100
1100001010001000011
1100110101000101100
0111111010111100000
0011110111010100011
0011010010101100101
0111001000111000001
0101110011101101011
0001101110011011010
0110111101001011001
1111110001010110101
1011100000100110111
0100011110011101100
0001110000101001000
0010110010000110101
0100011100010101000
0001001001001001111
0110011101001001001
1000001000001111000
1110001110011010101
0000010010010110100
0010011001110001011
1011010110001100100
0100001011001100000
0010101110010001010
0000001011011010110
0010001101110001101
0110111110101011010
1000001010001011010
0011000011100101101
0110000100111001110
0111011011010010100
0111110001101001110
0000010100011101010
1010010111101001001
1010111110010101110
1011111110010010110
0001000001010110100
1101010010000110001
0010011011000011111
0001011001100111010
0010100010011011011
1010011101001010011
1100011100110111110
1101110110010000110
1100001101101110111
1100010111110100100
1110010000111001111
0100011100001010111
1100100110000101011
0011011100000000010
0111111011111100110
1000010001101110100
1011100111000000001
1010011110110001000
1110010100111010100
1000100100100101011
0001101011011000000
0110001000001001000
1010000100001010001
1010100110001001110
0000111110110001011
0010100100100110111
0100011011010110100
0000001010011111101
0001011100000000101
1000101111110110000
0101100010101110111
0001000100100110001
0010101000000101011
1100010010000111011
0011010100001011100
1101111100001101010
1110000000010011100
1110110100011101101
0011011110010110101
1010110000111000010
1111101110011101010
0110111101110011111
1101110110011101110
1011000100011010011
0001111100011011010
0110011111110111000
1100100000011111100
0100011011101100100
0101000011110101001
0010100011111001000
1001001011111110111
1100000111000000101
1001001000100100101
0010010101101100111
0010110100001000101
1001101100011111110
0011110100000000101
0000011111001011001
0111001111100011011
1000010001001001010
0101100101011100001
1011001111111111011
0001110000010010001
1010011010111110001
0010111111001000110
0101011000010010101
1100001111010000011
1001001100011101101
0110101001000100111
1101011100000000000
0111011000000000110
1011100111111000101
0000110110100000100
1101100111001101101
0101101010010010010
1101100110010000011
1101100010011011010
1111011011110100110
1000110000110100000
1001001001011011000
0010001011010001100
1100010011111001000
0000010010011000111
0010010000010101110
0110001111001111101
0010011011110111010
0011101011001101110
0010110111101011100
1100000110111111111
1111011110001011000
1001001011101001001
0101101110100110001
0000110101100000100
1110001110001010000
0010101100000101101
0110111100110010101
0011010010001001010
0110110001101010100
0001011010000001100
1110011010001111110
1100000101101001110
1010011011010011011
1010000010001000011
0010110011000011101
0101110000011110101
0010010110001000010
0111100110110010110
1111110011111100000
0111110111100010010
0010000101000011000
1110001000000110011
0001111100110011000
0111110100100101100
0100110001011111011
1101001100010000001
0110111101101010100
0001101100100011000
1101010001000000011
1101001010011010010
0100110111001111001
0010111001000000101
1111011101111100100
1111101001111010000
0111000010101111100
0111100111000110001
0010010001110000101
0101111111110001001
0011011110011111110
0000111010001111011
0010000111111100110
1001111101101001000
0001011101100010111
0111000000000100011
0011000011101100101
1111000001111000011
1001111010011000101
1001110101000001000
0001000000110111111
1001101000001010100
0000110101010010100
0111110011111100001
0101110100011111110
0010001110010101010
1011010111111000101
0101010100001011011
0101110010000001011
1101111001000000101
1000000100011011111
1010100100010010010
0000110111101001100
1100100011100000100
0011100110000001110
1001010000111100010
0001000000110110001
1101010101100111000
1000101110001100111
1000010100010001011
0001110001100101000
1111101110010101011
0100011111000101100
0101011111010011010
1011010110100001001
0101011101101100100
1000100101001101111
1111110000100101110
0011111101101011100
0100100110010010010
1111001101110110010
0011110111011010001
1010101110001011100
1010000000001110010
1100011111010111010
1010010101101000000
1010010110000010111
0010110111110010111
1010110010100100100
1100010000110110100
1010111101000000100
0001000010011001101
0010110000011001010
0100100000111000110
0000010010010000101
0101101110001101100
0001100100101110101
1100111110111001100
0010110001000101111
1000101001001000001
0100001000011110110
1101111111001101001
1101010000000011111