0111111101011101111
1111111100111001001
0111111101111101001
0111110111001110111
0111111100101001001
1111111101110000010
0111111100110111001
0111111010001100000
1111111101100100110
0111111010011111101
0111111010110100111
1111110110011011101
0111111100101110010
0111111101100001100
0111111100011001010
0111111100111110110
0111110101101100101
0111111100111001010
1111111000111011000
1111111101100111101
1111111101111010010
0111111100011100000
1111111001010101101
1111111011010011011
1111111100010100010
1111111100010011101
0111111100000010000
1111111101011011110
0111111100101111010
0111111010000011000
0111111100010011111
0111111100001001001
1111111011000110010
1111111100011110011
0111111101001011110
0111110111000001000
0111111000000110010
0111111100000010000
1111111101001011100
1111111100111101011
1111111100100010110
1111111001011001000
1111111101100011101
0111111101101011011
0111111101010110111
0111111100000001110
1111111001001000000
1111111011101111000
0111111101001011110
0111111100101000011
1111110110100111011
0111111010100100110
0111110111100010010
1111111001001110100
1111111100100010010
1111111101001100001
0111111101000100000
0111111010010011000
0111110011111111000
0111111100001000011
1111110110000101100
0111111100010000010
1111111100011100110
0111111000101100001
1111110110000010001
0111111011011100110
1111111101010101000
1111111101010101001
0111111101100000111
1111111100001010101
0111111100001100110
1111101001111000011
0111111101001101011
0111111001110111011
0111111000101101100
0111111011100111010
1111111100000010011
1111111100100011100
1111111001010010000
1111111010000000001
1111111100101000111
1111111011010011101
1111111100110000000
0111111101001111011
0111111101100101001
1111111100000001000
1111110111001100010
0111111011011101101
1111111101111100010
1111111101101110111
0111111101110110110
0111111000101000001
0111110100000111101
1111111100110010010
0111111100111000000
0111111011111000101
0111111011110010110
0111111101001000101
1111111101000001111
0111111010010000010
1111111010101111001
0111111100101010111
1111111100100000100
0111111010011001001
0111110110111100110
1111111100011000111
1111111101101101010
1111111101101001100
0111111011001110111
0111110101100000111
0111111010101111001
1111111001010001001
1111111101000111010
1111111000101000011
1111111101101011011
0111111101011110100
1111111011001101000
0111111010001010101
1111111011100011010
1111111100110011100
0111111000111001000
1111110110001011101
1111111010000001001
1111111011000011111
1111111101101011000
1111111011100100110
1111111010010000111
0111111101010000000
1111111100110000010
0111111010101000001
1111111011111111111
0111111100110011010
1111111101010110000
0111111100111000010
0111111100110011100
1111111011010110110
0111110100100100100
0111110111000001111
0111111101000100000
0111111101000100101
0111111101001101001
0111111001100000101
1111111001111011010
0111111011101010110
0111111101000100110
0111111101100001010
0111111100100011000
0111111100001100011
0111111001001100100
1111111101000101110
1111111011011100100
1111111010001010111
0111111100011000110
1111111001100011010
1111111101100000001
0111111101111110001
0111111011100110011
0111111100010100001
1111111100111000011
0111111100001101010
1111111100101011111
0111110110001101101
1111111101110011100
0111111101011000111
1111111011100110010
1111111010111100001
1111111100100010111
0111111101101000100
0111111011010111011
1111111101001111011
0111111101010010100
1111111101111101001
0111111010010010000
0111111100101011111
1111111101101101111
0111111100011000110
1111111101100010110
0111111100101010100
1111111000000111011
0111111011110110101
1111111100001001001
0111111010001011011
1111111000011001011
0111111010101101110
1111111010101000000
1111111100010110100
1111111100010111110
0111111010000000111
1111110000100101111
0111111100111110100
0111111101011000111
1111110110011111111
0111111011101100110
0111111100010011011
0111111101010111111
1111111000010101101
0111111101011001000
1111111101010101001
1111111101011000111
1111111001011100110
1111111011110100101
1111110100010101110
1111110010011010111
0111110101110111101
0111111000010110011
1111111011101101100
1111111100101001101
1111111100010111011
0111110101010100100
0111111101000111001
1111111100001110111
1111111101001001111
1111111010101111001
0111111101011000111
0111111000101011000
0111111010000100111
1111111101011010010
0111111000111100000
0111111100101000110
0111111101010000111
1111111100101100001
1111111101011011010
0111111000010011001
0111111101010000101
0111111101110001101
0111111101111110011
0111111011110001101
0111111000001001111
0111110100101000010
0111110111001111001
1111111001000101011
1111111010100101001
0111111101111011010
0111111010110001001
0111111100100001001
1111111101101101010
1111110101111001110
1111110110001100101
1111111101111001110
1111111100010011001
1111111010101000000
0111111011111001110
0111111011101001011
1111111010001011111
1111111001101001011
0111111101101011111
0111111101000010101
0111111011001000100
0111111010010001000
1111111011011100000
1111111001000011010
1111111101110000010
1111111100111010011
1111110110001010011
1111111011111010111
0111110110101111011
1111111000010111000
1111111011011101011
1111111011001001000
1111111101000100101
0111110110100110000
0111111100100111000
1111110110010100010
1111111001100001101
1111111001000011110
1111111011001111111
0111111100011101100
0111111101011011111
0111111100010011101
1111111100100111001
1111111101010000000
1111110111100110001
1111111101111000000
0111111010111101101
0111111011100101101
1111111011000010101
1111111010100000000
0111111101110001100
0111111010111001011
1111111000100101010
1111111100101100101
0111111100001100001
1111111101000001011
0111111100010000000
1111111001100011001
1111111011100111110
0111111100110001010
0111110010111010011
0111111100100101101
1111111101010110000
1111111100000111110
1111111101010011100
1111111011100111010
0111111101000000001
1111111001001111001
1111111011100011110
0111111101101111001
0111111010010011101
0111111011011000010
1111111000001110110
1111111011010010000
1111111001000101001
1111111011100011111
1111111100110001001
0111111010010101110
1111111011110101101
1111111010011100110
1111111011001000111
1111111010110111000
1111111011100101111
0111111001011100011
0111111100100000111
0111111010010111001
0111111010110111111
0111111101100111011
1111111100001110110
0111111101101011111
0111111101010011010
1111111010000111111
0111111101100000110
0111111100000000111
1111111011101110001
1111111011001010101
1111111100100010101
1111111000101000010
1111111101111010111
0111111000000100111
0111110001101100111
0111111001101010011
1111101100110110000
1111111101111000111
1111111101111011000
1111111000101101100
0111111101001001001
0111111011001111111
0111111100010101001
0111111101100010011
0111111011110011111
1111111011110011010
1111111011000101000
1111111000010000011
1111111101000101111
1111111100110010101
0111111100011100110
0111111010010111011
0111111100111111101
0111111101010011000
1111111101101011111
1111111010110001000
0111111101110000001
0111111100011011000
1111111010001100010
0111111100001110011
1111111100101001001
0111110110100011000
1111111100011100011
1111111011011011101
1111111000101011010
0111111000100010010
1111111100110010110
0111111100011101010
1111111000011110111
1111111011010001011
0111111100110000001
0111111101110001100
0111111100001100000
0111110110011111101
0111111011101101100
1111111101000110011
1111111101010100101
1111111001111001111
1111111100010001100
0111111101001100010
0111111101111101010
1111111010100011000
1111111101100011100
1111111100111000101
0111111011001011111
1111111011101110011
1111111010011101001
0111111011101011000
0111111101110111101
0111111000101011100
1111110101110010111
0111111010100101100
0111111010000011111
0111111100011111011
1111111100000110111
0111111000001100001
1111111011010011111
0111111000001111010
0111111101001100010
1111111100011001111
1111110001001010011
0111111100111011001
0111111101101101101
1111111100001101110
1111111001110111100
1111111101000011001
1111111101001111101
1111111101010011110
1111111010100111010
1111111011001000111
0111111101001011111
0111111100100100001
0111111100000001001
1111111101001001010
0111110110100000110
0111111010001101111
0111111101111111010
0111111011111110000
0111111101000101110
0111111010011001110
1111111100110001001
1111110111011110000
0111111101100101111
1111111000001001000
0111111000010000011
1111111100111001011
1111110011100011101
1111111100001111101
0111111010110111000
0111111101100010001
1111111100111101011
0111111101001001101
1111111011100000001
0111111011000010100
1111111001000110010
1111111101101010001
1111111011100101111
0111111101000110011
0111111101000101010
0111111000111001010
1111111011100110101
1111111011000011111
0111111101110110010
0111111011011011011
1111111100001010010
1111111010101111010
1111110111110100100
1111110110111011110
1111110101000101011
1111110110110001110
1111111100101111100
0111111100101001001
1111111000100111000
1111111100011010010
0111111100011000010
0111111010110010100
0111111000000111011
1111110100010111011
1111111000110101110
1111111011000110101
0111111101100100000
1111111100010001000
1111110101011010011
1111111101000100000
0111111010100100101
1111111101011110001
1111111001010011101
0111110111101001101
0111111101111111111
0111110101001010100
1111111010101101011
1111111101100000010
1111111100111001110
1111110110111100111
0111111011010010000
0111110111011111010
0111111011000101111
0111111100000001010
1111111100111001000
1111111000100100111
0111111011011000000
1111111011101110111
0111111100100101000
0111111100110011110
1111111000110111001
1111111010000001101
0111111001001100000
0111111010100011111
1111111101011011011
0111111101111100110
1111111000010111101
0111111001110100010
0111111100011000001
1111111101101010111
1111111011010100010
1111111100001000010
1111111100101011101
1111111100111000111
1111111100111101010
1111111101010010000
1111111011100010110
1111111011000011000
0111111010010010001
1111111010000110011
1111111100110011010
0111111100001100101
1111110110101000000
0111111100000100000
0111111100011000100
0111111101111010011
0111111010010011100
0111110100100011000
1111111100111110100
1111111100000011101
0111111011010100010
1111111100100000001
0111111101110111101
0111111100001010111
1111111001100001100
1111110111110000101
1111110100111110110
1111111101100000111
1111111011000000000
1111111100000111111
1111111101010011101
0111110111011111100
0111111100111000101
0111111011100011111
1111111011110110011
1111111100011001000
0111111100000010011
0111111010011101011
1111111100111001110
1111111000100011100
1111111100100000100
0111111010110101011
1111110101001111101
0111111101000110101
1111111101101110011
0111111011110101110
1111111000100011010
1111111101100100110
0111111000010111110
0111110111110111011
1111111100100100100
1111110101010110111
1111111101010101001
0111110110110010001
0111111101000010001
1111111010001101010
1111111001000011110
1111111010011110000
1111111100000001110
1111111101111000100
1111111101110101000
0111110100001110101
0111111100011110010
0111111001101101110
1111111000110101010
1111111100000011001
0111111001000001100
1111111100000001010
1111111011001111000
0111111010101101110
0111111101001110110
1111111100011101100
0111111101010111010
1111111100111101111
1111111100000010000
0111111101010001010
0111111100101010001
0111111001100010001
0111111001001011100
1111111010101001111
1111111101111100110
0111111101111001001
0111111101111101110
0111111100110110000
0111111001100111000
0111111010001110000
0111111011010011010
1111111100000101111
0111111101111101111
1111111100100010010
0111111100111001001
0111111101101010001
0111111101110011001
1111111000110001101
1111111100101001101
0111111011011100100
0111111001111000010
0111111100010100101
0111111101011000001
1111111011101101001
0111110000110100000
0111111011011101011
0111111100010010100
1111111000111101001
1111111101001101100
0111111010110110110
0111111101110000101
1111111100011010000
0111111101000111100
0111111101101111101
1111111011100001110
0111111101101100001
1111111010101001011
0111110111101010110
0111111101101100011
0111111100000111001
0111110110101111010
1111111011011110101
1111111010010010010
0111111010010111001
0111111001101011011
0111111101010000000
1111111011111000100
1111111101011000101
0111110101100001001
0111111100110001101
1111111011011010111
1111111101100100111
1111111011100011000
1111111010110101111
0111111001011111001
0111111101111101001
0111110110110001001
1111111011100010000
0111111100001011111
0111111000101001100
0111111101101010110
1111111011010000110
0111111100000111010
0111111101000101101
0111111101110110100
1111111010011101010
0111111010001101110
0111111000100101001
1111111010011101100
0111111001100100000
0111110111001111100
1111111100111110110
1111111010010000111
0111111000000001101
1111111101000101100
1111111100111100101
1111111100110101110
0111111011000101011
0111111010000101111
1111111011100011100
1111111010101011011
0111111011101010001
0111111100001011000
1111111101100010001
1111111000010000001
1111111100111110100
0111111101110000010
1111111001011011100
1111111101011010110
1111110000001011011
0111111011100011101
0111111101111001010
1111111010111110000
1111111101110000001
0111111101000100010
0111110100101010101
0111111000001011010
0111110100110100010
0111111001101011010
0111111010100110100
0111111100101101011
0111111101111000001
1111111010011100011
0111111010011010010
1111111101101010111
0111111101111110111
1111110110101101010
0111111100111100011
1111111101100101011
1111111100010111101
1111110111010010110
0111111010101111100
0111111100101001001
0111111001110111100
1111111010101011001
0111111010100101100
1111111101110000110
1111111011101000100
1111111101110110010
1111111101011100011
1111111101111101110
1111111011011000111
0111111010001000011
1111111011110011010
0111111011100011010
0111111010111000000
1111111101011011010
0111111010001111011
1111111010000100110
0111111000000101000
0111111100010010110
1111111101110101011
0111111100001101110
0111111011011011001
0111111100000110000
1111111011101010001
0111110100010011000
1111111100100001110
1111111011010101010
0111111000111110101
1111111100100110111
0111111101011001101
0111111011111101110
1111111011010110010
0111101110101010011
1111111101110111110
1111111000110100100
1111111101100100010
1111110100111100000
0111111010001010001
0111111101001110111
1111111000111110100
0111111101001100011
1111111011001010011
1111111011110101101
0111111011000000111
0111110111100001100
1111111010110100111
0111111100001111110
1111111010101110011
0111111101101011100
1111111011000111010
1111111100101000110
1111110110011100110
0111111011011000101
0111111010000101000
1111111100010000000
0111111000000110001
1111111101000100010
0111111010010101110
1111111101100001011
1111111100010110111
1111111101010001001
1111111101111010010
0111111011101100010
0111111100111110010
1111111101010110010
0111111001001000010
1111111011010101000
1111111011100011010
0111111000100000110
1111111100000110100
0111111010111110101
0111111100010010110
0111111101000100010
0111111010001011011
1111111100110101000
1111111000011010001
1111111101001111000
0111111101011011101
1111111010111111100
0111111101001111111
0111110101101011001
1111111101100010101
0111111010001110111
1111110110111010000
1111111101100100010
0111111101001011111
1111111101101110111
0111111100111011100
0111111001111101010
0111110101001110001
1111111101111101111
0111111001101100010
1111111101101111010
0111111101100111110
0111111101100011001
1111111010001011101
1111110101111100111
1111111010011110000
1111111011010110011
1111111100000101011
0111110110101001101
0111111100100011001
0111111100011110000
0111111011011110101
0111111011011110111
0111111001110011000
1111110101011001000
1111111001111001111
0111111100111110000
1111111000010000000
1111111100100110110
1111111101110101000
1111110110111110110
1111111100111000011
1111111010000100010
1111111100111001010
1111111100100101001
1111111100101001011
1111111100101000111
0111111011111001110
0111111101011101111
1111110100111110000
0111110110111100011
1111111101001000000
0111111001110010111
0111111000110000100
1111111000101100000
0111111101010010000
1111111010010111111
0111111010100000000
1111111001101010001
0111111100100110111
0111111011001110101
1111111101100100011
0111111100011100101
0111111101111100011
0111110110000010111
1111110111100100111
1111111010111101010
1111111101101110011
0111111101001110100
1111111100000101111
1111111100001011101
0111111010010011110
0111111001110000110
1111111100100000111
0111111101001011100
1111111010010111111
1111111100010110001
0111111100010011010
0111111011100001101
0111111101101100110
1111111100100001001
0111111100000101110
0111111101110010000
0111111101011101011
1111111101101101110
0111111011001101010
1111111000010110011
0111110110110011010
1111111101100001011
1111111011100000010
0111111010100001100
0111111100010000101
1111111010011010001
0111110111100111010
1111111101001100010
0111111011111000000
0111111010010111001
1111110111000101001
1111111010001000111
1111111010111001101
0111111100001100111
0111111001011101001
0111111001101111110
0111111100101111011
0111111101110001011
1111111100110100111
0111111000101011101
0111111100100000100
1111111100001101000
1111111100100110111
0111111010101010111
1111111100110110000
1111111010100000010
0111111011110011110
1111111001011011100
0111111100101100100
1111111010110010000
0111111011001000100
0111111100011110110
1111111001100110111
1111110110000100001
0111111011001111011
1111111100111000100
1111111001110110000
0111111101001111010
0111111010100011001
1111111101011100100
1111111100101100011
0111111101101011001
0111111010010000101
1111111101101101110
1111111101010001011
0111110111001010010
1111111010101000110
0111111000000101100
0111111010000000100
1111111100110011001
1111111010100001001
0111111100111100010
0111111101110110011
1111111100000011000
1111111100001000111
0111111100111000011
1111111010110000100
1111111101011101110
0111111100000110101
0111111101100000000
1111111101111000110
1111111101111000011
0111111100011101111
0111111011101100010
0111111100010001110
1111111010010001110
1111111101110110010
1111111101001101101
0111111001111100100
0111111000100001111
0111111011111110111
0111111000001010100
0111111100110011011
0111110110101001000
1111111100001101001
0111111010111011000
0111111100011111111
0111111001010011100
1111110110110000001
0111111101101010111
1111111101010100001
0111111101110110100
1111111101000001000
1111110111100111011
1111111100011011111
1111111010010100101
1111111100010001000
1111111100000001001
1111111010101110011
0111111000001000100
0111111011111111010
1111111011010101010
0111111101101010111
0111110110000111100
1111111101010101101
0111111100011000100
0111110110010110010
1111111100111100001
0111101000101110110
1111111100110100101
1111111000000100110
1111111000111000000
0111111101010011110
0111111100000100001
1111111010010100010
0111110100010000111
0111111100001101100
1111111101010000011
0111111000011110111
1111111100011111100
0111111010101000110
1111111100011101001
0111111100011000011
1111111010110010111
1111111100000110100
0111110111100011100
0111111011000010010
0111111100111001101
1111111011000111001
1111111100001100110
0111110110000011001
0111111000001000010
0111111011100011000
0111111100101111111
1111111100111111110
1111111011110110011
1111111010111111110
0111111100001110010
0111111010110111110
1111111010110100010
0111111101001100100
0111111101110101111
0111111101110100101
1111111101111111111
0111111000101111100
1111111101100110100
1111111101011001110
1111111011000101010
0111111101101100011
0111111000110101011
1111111011100100100
0111111010110110010
1111111010011110100
0111111010001010110
0111111100101011001
1111110111101110010
0111111101100100011
1111111101101011001
1111110001000111101
1111111100100001110
1111111100001011000
1111111011100111111
0111110110011001110
0111111011001001000
0111111100100010111
0111111101111011000
0111110110011100010
1111111100110011011
1111111001010100011
0111111010000011011
0111111000001110110
0111111100001011001
0111111011010110010
1111111010010001000
1111111100011000111
0111111101011011001
1000001010110001100
0010101110000110110
1011001011111000010
0001011100010001101
0101101101110110000
1111010100100111011
0010100001010101010
0001000010111000010
1100111010101011111
1010001100101111001
0001100010111011101
1001101001010001001
0010100111010110101
0111100110010111000
1000000010100111101
1000001101010100010
1011000011011000100
0010111110001000110
0001110000000110110
1111100010000000010
1001101011111011110
0111100111010101011
1110111110110110100
1000111000100101000
0001000011000001011
1000100000000011110
1100100111001100001
1000010010011111111
0100000000001010010
0111001101101110000
1100111011100111101
0001000110111110000
0111010010110101001
0100010110010111100
0100011010001010010
0010110010100110110
1101111000111101100
0111110010011100011
0000010111110111111
0100111011001001100
0111001010010100100
1000100100011110110
0000000111100000000
0100100010110000110
0011111011110010010
0100111111011010011
1001011000110100000
1111110110101101010
1001010011100101011
1111011000010000110
0111001101000101111
0111000010001010001
0101010011101100101
0000101101100100001
0101010001100110000
1111111000011010110
0011110011100011100
1000000110101111110
1011111111000000111
0100100100010010100
0001011001111000100
0011011111101101110
1100010011000011101
0011101010010001101
0001110000100101111
1111010001010111011
0100011110110111100
0000101100010010110
1110010110010011001
1001011101000110010
1100001110010111011
0001110011110011101
1101110010001001100
0010110101010101101
1001000110011110101
0000110000111100111
0011011110000001101
0111001010110101100
1010101001011100110
0001101100000101001
0111010100110010101
1001110111011100101
1110000111111110110
1110111000111010111
1101110100010110001
0100100000010110010
1110011011111111010
0011000111100101000
0010111001011110111
0001001110111100101
0100111100011000111
0000101101001011011
0101101110011111000
1000000110001111011
1010001101101111110
1100001111001001110
0011110100001101001
1001101111100001110
0011110100010100001
1101100010100010000
0000010100010000001
0011000000010101110
0101100100100100101
0110000000101010101
1011110111110000100
1111100110101110010
0010101100001110011
0110011011001010111
1000010100111111110
0100010001001001011
0101111100101000000
1111110111100101001
1101111111100110101
0011110101010010010
1110110011100010010
1101011100000110101
1001010000011001000
0000000111101100111
1011010110000001101
0001111101010110001
1011010011001100100
0001011110101100101
1101101100101000000
1010110000011111000
1011010001010011010
1111110101010101101
0001000100111011101
0000100010010001111
1010110010010010111
0100011000000010100
0000001001010111100
1101010100000010001
1011000010100000100
1100110000011010001
0010100111001001011
1110111001001110100
1011011010001100011
1101110110000110011
1101101100110001100
1100110110010101001
0100111000011100111
0001011001101010111
1110011011111110000
0011110001000100011
0101110010100100110
1101000000010111110
1100100101011010101
1000001011010010001
0001011101111110111
0000111010001001011
0000000010100011001
1111101001010010100
0111001110111101010
1010001100101111111
0100011001110001101
1001000010000001011
0011110101000111100
1000100000010011001
0101000010100010011
0100110011001001001
0010111111001011111
1010101010010000111
0000001000010001010
0101110001111101111
0110101011111011100
1001001101011111011
1101110001001000101
0001010010001010100
0100001110001011000
1010011010101101110
0100111001000010101
0010111011100011100
1111010111110110011
1011011000100100110
1011111010011110010
0110000100011111011
1111111010101111111
1000100001110101101
0100010111010111110
0100100110010001000
0010100001110000100
0110001101000110100
1110110001010111010
1000111110110010011
1100011001100101000
0000010001101111001
1001100111100010111
1100100101100001011
0001001111111010110
0000111001111101001
0010000110100000110
1111101111000100011
1011010110101111011
1100101001011100110
0100010000001010011
1111101100011100101
1011000100111011011
0101000100001010101
1000011100101100111
0101111101101111100
1111110110010101010
1001001010011101110
0111001010100100110
0111011110010000111
0001111101010001111
1000010100010011101
1100110010111111110
1000001010110010101
1010111100100101111
0100010010000101000
0011001001110001000
0101100010111110100
0010100101000100111
0110100000011111111
0111010110000101111
1101100010100111010
0001011110000000100
1000010010110110111
0111110101111101000
1001001111100000100
1101101010111111010
0110100101010000001
1001110010001010100
0110000001100100110
1101000000000110101
0001010000011011100
0011101110000101011
0001000001110010100
0011000010001110010
1010000100010001010
0010111000000100100
1110100011110011011
1010010101110001010
1110000110001110110
0000100100101001001
1001110000001010111
0010000100001101010
0001110000000000111
0000101010101001100
1101000000101001110
1000000010100110000
1110000110001010010
1011101100011010011
0101110101101001111
0010101010001110010
0001111011001011110
1000101011000011110
0010000110110100110
0110101000110111011
0100001010101000110
1001001011010100111
1001010011001011100
0101000110000000011
0101110010000001110
1100101010100000110
0010110000111001010
0010000111100010100
1011011011010001011
0000110101011000001
0000000010011110110
0001000010010110010
1010110100000010000
1111110000010100110
1011101011111110000
1001011111011010101
1011010100011111100
1000001101010100110
0101000000101010000
0001101000001001111
1111101000001010100
1010100011011100000
0001010010101011011
0110101100110000001
0011100000101010010
1010000001011101100
1001101010111010100
1111111011111011100
0001011001100100111
1001000000111000010
1010011010110001101
0001100110000010000
0101000100100011000
1010110111111110100
1110010100000111011
1101010000000101101
1010111111011110010
0000100110001000000
0011101010100010101
0010001110010001011
0010111011101110001
1010101010011010011
1000100111101111011
0000101110100001110
0000100101001011101
0101010110101110110
1000110110000011001
1000110000110101011
0100110100110001111
0111010000001100001
0011100100010100110
1101011011000011011
0100101101111101111
1000010100111110111
0011100000001011001
1010011000010100100
1110010011010111011
1000010110100100001
1010101000111010010
1001011100100001011
1111010100011111010
1101000100111110010
1111011101111111101
0001110101010111000
1011100111010110010
0010011111000010100
1110101001110101101
0000110111101101010
0001010001110101100
1001001010100010010
1111011010000000101
1011110001011101101
1110111110101110101
1101111000011011001
1011110100011100001
1001100011000000110
1100000011011111100
0111001001101110011
1001000000001110100
1001111011010100100
1001100100011100000
1001110111111110011
1101000110001110111
0001010010010110110
1111011001011101000
1011010110101000111
1011011111010110000
1001111001011000110
1101101011001110100
0111010011010100101
0111011001101011111
1011001100011001110
1001111000000011100
0000101000001000110
0100010011001101000
1111110011001100001
1110001100100111001
1010001000001010101
0001000100000110110
0110101001001000110
0010110011111100110
0011001110011100010
0111100010001011110
1000101000011100101
0110100000001000110
1000011101010111011
0011101101110110101
0111100000011010110
0111011111000001001
0001101010000011110
1101111010110011101
0110110111110110110
0001011111100101010
1001110100101000111
1001101001010010000
1000111111101110011
0111010011001010111
0001010101001011110
1111011111001011100
1000111110001101101
0100001010110110011
0000110000000111000
1000011100110000001
0110111000010000001
0011000010000110011
1110000000110011001
1001000100001111011
0011001110110000100
1011100000010110000
0110011110000101011
1110101001000010110
1000100001100010010
0011011111101100110
0101010111110100000
1101011010100101101
1110001011101110100
0001111011100110010
0110011010101011001
1011001010011111010
0101100010001010100
1001010010010100010
0101001001100100011
0011101110001011011
1010010010001000000
1100011101101100001
0110111011101000000
0100101110011001101
1101111101111110010
1110000100101110101
0011010000001111011
0101111001101110111
0101011110111101100
0010011111110100111
0011000000100110100
1110010101110011001
1010010100010000011
1101001100111011000
0111100110001110111
1111110101010001100
1010000010010101111
1000010101010101011
0010101010101101111
0011010100001100111
1100001011111101000
1101001101001000001
1000000010110111101
1001000111110100111
0001010010001100010
1101101010000010011
1011101101001011110
1010011110001000110
0100100100100111000
1001101000000101101
1011110101010101100
0011110110100010000
0101011011110011111
1001110100100000110
1010010001100111110
1110001111101101011
0101000000000101000
1101101000000101101
1110110100111000110
1101111000111101001
1110010000010011000
0100110011010010110
0100110011100100111
1010001110001001011
1010000000000100100
0011011010010111100
1101111000000010101
0001111110101110001
1010111000100111101
1001000101111101001
0110110001001000101
0100001100101001110
0111100101011010000
1101011101010010011
1011010010111010100
1110000101010000010
1100010010110111100
0110000110011110011
0001011100010110100
1101011000100110010
0111010010110010001
0100110110011100010
0111010001010100011
0110100001001101100
1000000011000111111
1100011000000000010
1101111011011111111
1110111010111101110
1000011100100001110
0000110101000010111
1011001100011000111
0010001100100001101
1111001010001001100
0110010100101010110
1001111011011010000
0100100111100110000
1111100010110110001
0111111010101101111
0111101110000011111
1110110011010011010
1010101001010011100
0111110000100010111
1001001010001010101
1101010100111100001
0101100000001100101
0000010100110011111
1111001000000001010
1010001010100011100
1101111011000000001
1110101000010011111
0110100001101110001
0011111010100001010
0101000111010111111
1101111110010001011
0011010010100000011
1000110010110110001
0001001111111101000
1110001001010010010
1000000110110001011
0101011001101000010
1111001001111011010
1000011011110111100
1000100001001100011
0010001011111111110
1001111110110000001
1101011111010010011
1001000111010111111
0010111110000000110
0011010001000010001
1001101010001010001
1101000000010101010
0110110000110110110
1111110000101101111
1101111011100001010
1101101010100100100
0111110001111001000
0100001010110000110
1011100011011100010
0011011111000001101
1100011101000111100
1100101010111101110
1011001100010011110
1001101101010000010
1111111100111000111
0000100000000001000
0001111110110100111
1111000100100000011
0010011110100111110
1011011111100000001
0001101100000000011
0111111100100100001
1101010101000101011
1100010011101010101
1001111011010010011
1110110101001011101
0101110011001110010
1011111010101100001
0111100000000001101
1010010000010110000
1000100100101000010
1100110010101111100
1001010100011000011
0001111101000011101
1000100000010011101
1000011000001011111
0101101100001001011
1010111010111111100
1011010110010100000
1010010110010100101
0000000101111001001
0110011010011010101
1110100000001110001
0110100011101101010
1111000001101010000
0111001011101011011
0100001101011111110
0001000010111011000
1111111010100100100
1000010111101000110
1100000110111100110
1010000111011110100
0100111110111111110
1000010001100001101
0110000101000000101
0010101110010001010
0111011111001000100
1010000000010101110
1101101011110111100
1100111010111011111
0111100011000110010
0011000001001101000
1111000100110001111
1101000101001101110
1100001100110010101
1100000101100001000
0110001101111100001
1011100100011000100
0101111100101001100
0000011111000101100
1110100110111110101
0101100111000010100
0100000001110100001
0001011000100011011
0001011010001001110
0010100001001101010
1110111011010110101
1101001101101011001
1000100101001000100
1011110000110100100
1000000010101111001
0001000011101010101
0101001110001111100
0010101101111010010
1011011111010110001
1010001110001110110
1110101000100110010
1111101100001001100
0010100001010110101
0101111000001001001
0100110001100100101
1100010111101010111
0011011111000000010
0010010111011000111
1101111111100010001
0010001001000111111
0100010000110010101
0010100101111000011
0110001100000111011
1100011011011111111
0010110010001010000
1110110110010111110
1000110010101000100
1111011000011011010
0101001100100011101
0011110101001100010
1110000101010000010
1011010010011111010
1010100000010010101
0101011011100111000
0100111110000001000
0110001010001010110
0110110101000111011
0101010011100111011
0000110011000101011
1010001001001010101
1100010010101100111
0010101010011101001
0001110001000011010
1001111001101000010
0101010100010010111
1010010101111111111
0001000001110101111
1011111000100101100
1011000011000001110
1101111010011100001
1101111001000010101
0100111111010001100
1011010000101110100
1000100010111101111
0011100101001011100
1101111101001000100
0001001110110101111
0101000000011111000
1001000110101101011
0101011011111011100
0110011111011101110
1111010000100100110
0111000100011110000
1100111110100011101
1010100100100000011
1110001100010111001
0111111010110100001
1001101101110010101
1010100010110111010
1100010000000000111
0010011101010001100
0101111011110000010
1010110001000100011
0100111100001101101
0001010000000011001
1010101001110101101
1001111100010101101
0110000111111010011
1100000001001001000
1001110111101001001
0011001010011101001
1100010011110100010
1001001110010110011
0110000010010101000
0001010011101100100
1011101000001001110
0111101000100011001
1101110011111101011
1100111000010010010
0111010101110101110
1001001011000001000
0000011000001010100
1101001101111110110
0001011111100110100
0010101010100011100
1101100010000000010
1110110110011010011
0101100011100011110
0011101010111110010
1111100000001010111
0011101010100111100
1000000010101001000
1000100111010000011
1101010100111110000
1011011000011101010
0111001110011110011
1010001001111101110
1010100000001100111
1100010010111110101
1000010011010000100
0000001000110011111
0110101011001100011
0001100111001100000
0110111010000110101
1010010000001000001
1001010101011101000
1111001110001010010
1011100100100010100
0010000100101111110
1000110000001100001
0111101011110110011
1001010000010001011
0010101000000101001
1011100011100001110
0110010010100011110
1001100110110101001
0010111010110110101
1101100110000000011
0011101111110110001
1011110101100111100
1110000110100000101
0111001010111111101
1111000000110110000
0001001001011000011
1000010100101011000
1010100111010111011
0101010011010010110
1001011000111110000
1110110100111101100
0000010110100001100
0100110010111001011
0000010111000011000
1001000010111111101
1100000101110011001
1011100100101101000
0000100111101111110
0011111010110001101
0100010101111101000
1011011100010101101
1000001110010011011
1011011001011100111
0101101110000100111
1101001010011111111
0011100010101000101
0110001100110000101
0110110111010110111
1010001100001110101
0000100100000010011
0100010101100101001
0000100110010110111
0101000111101100010
1001111011011010111
1001101110100000000
1011000000111101000
0101001010001111110
0001101110000100011
0110101101101110000
0101110000001011100
1110000100000111110
1100100011010101000
0111101001011001111
1101110100001111100
1011000000011101101
1010100101001011100
0110001100110111000
1110001100110000010
1101101110001101010
1010010001000010101
0110001001011010001
1101111100000101101
0001111110000001110
1001011110001011000
0010010111111110101
1111000110000010010
0110111100101111010
1011000000000101100
0101101011011101011
0110101111110000110
0000110000111110001
0111101101110011000
1001110010000100011
1101110100111101110
0101011110000000101
0001011101010000100
1000000101010001110
0101100110110000110
1001101000011000011
0011101111111101010
1110101001010010011
0001111001001101010
0100010001001111101
0011001010000101010
1000011111000110101
0010001000100111100
0110010100011000000
0010111000000011100
0000011000110000000
0010101110110110110
1101100001101101011
0010110111111001010
1000001111000110111
1101001011010001010
0111101010001010001
1011010000000101010
1000101100000101010
0100000110001000010
0000011011111001110
1101010111111010000
1011011010001111010
0110100100011000001
1011011110001000000
1101010110011100011
1100001001110101001
1011000010001001000
1010110100010110001
1011000000011111010
0111101100000100100
0111100000001010111
1101110001001101000
1011100010101001110
1011110100000000011
0011101110111101000
1000000010101100010
0001101010111011110
0100100010100110000
0110000010110000001
0001101101011111100
1110100001000010011
1011001110101101010
0111100000010001111
1101101010101000001
0010000110100010110
0111001001111001011
1110010000010001000
1010100011100101011
0001010001010110010
1001010111110011001
0000111110101111111
0111001001011010010
0110000110010101100
0011111110110000111
0111010011011010101
1100110100010000111
1001100100110101011
0101110010100000110
0110101000001100000
1111001101111011110
0111001101110101000
0011001001011110100
0010110110111111010
0001010110101001011
0000100110101001110
0001000011111001111
0010010010000010110
1110010000010001100
1010010011100101001
0111001011111111001
1010100111110001110
1011011111000001100
0001010001110100001
0110011100100000101
1101001000101101011
1010110000001011100
0100011000110011000
1110101101010111001
1100100111111000011
1010101000011111101
1011100111111110011
0101100100100000101
1001110010000111000
1100100000111011001
1000101100101100011
1100010000000100111
1010010110111010111
0101010100000111100
1011100010101000010
1001001011010110010
1010111111000111111
0010010001010100101
1110001100111100100
0010111101101110110
1110100101111010110
1000111010110010110
1000101110001001010
0101110011010010110
0001011110011100101
0011100001111001000
1111010000001010110
0000111000000001101
0001110111011011110
0011010110110111110
1111111000111111101
0111111000110100111
0011111000010101111
1111010110110001001
1101101100110100010
0011011100010001110
1000101000001110000
1101111100000111110
1010011100111101010
0100010111001110110
0000101110110111110
0100010100011000101
0010101100001010101
0011100111000101100
0101100110110010011
0100011101110000111
0111011101100011101
0100011111110101101
1100011111010001001
0101111111001110001
1100000001010010101
1011011100000101100
0101101001101101110
1011111010010101000
1011001010010011010
0000111001001000111
1111000011010100010
1010110110001011110
0000101000011100110
1000100100100100010
1011101000010000010
1000101001101010100
0010110100101101000
1011111111010101010
0000111110000111100
1111111000011111001
0101101101100010011
1010110000111000111
0111001100110101001
1001001011001001001
1000001010000110011
1011110000111111111
1000000010011111101
0000011010110111001
1000001010100100011
0011100001011000101
0011100010101111011
0000001111001110100
0001010101100111111
1100011101000011001
0010100110000101001
0001000111000100100
0111011110011100010
0100011001100100010
0100101110010110000
1000001001010110110
0001100000001110000
0110011011101010010
1101110001101010111
0101101010101111010
1011110001101000000
1101111101010010111
1000111000111010111
0110010100010000101
1000100001001100101
1000001110000100110
1101011100010000100
1010011100011111110
1000110001010110110
0011110101010000010
0011101110011100101
0000001010110101100
1100000000110100001
0010000110001100111
1101100100010010010
0110001100111111011
0011001001000000011
1010111011000001110
1100001000110101111
1000100011110001110
1010000010010101010
1111000110001100110
1100110100101000111
1001011001111101111
1101101000011110001
1111011100001110011
1111110000101011100
0111101101000100010
0111111101111110001
0001010001111111100
0010000010111111100
1111000111011100010
1101011010001000100
1101011100111110101
1011100000100000110
1100111010010111000
0001011000010000101
0010100101111110101
1011111011000000000
0010001100100011001
1101101011100100111
0001001000100010011
1101011101000000000
0110001110011000011
1100010100000010100
1000001000100100000
1110010010111010000
1111001001110101110
0010010111000111101
1011101111010100001
1100111110110001110
0010100011101110011
0110010010010111000
0111010000111010000
0100101100000001000
0000101101110110011
1010100000110000001
0000101000011000011
0100011100010100100
1100011001000100011
0010101001011111001
0000000110000000110