1111111101110001011
0111110110001011101
1111111100000100000
0111111010001100110
1111111101000000101
0111111101100111101
0111111100010010011
1111111101011011101
0111111000011101000
0111111100111101101
0111111101111010011
1111111001011111110
0111111010000111110
0111110101100110001
1111110011100101011
0111111000011100111
1111111001011100111
1111110110010000100
0111111100011101110
0111111101111111011
1111111101110111101
0111111011001101110
0111110010011010001
1111111010101100111
0111111100100010100
0111111100001000011
1111111010001110100
0111111001000101001
1111111101111000001
0111110111111110000
1111111100110111010
1111111100101000101
1111111100011000111
0111111101101010110
0111110110000110111
1111111101010010011
1111111011011101001
1111111011110001111
0111111010011101100
1111111100001110110
0111111101110001011
1111111100000110111
0111111101110001010
0111111011110011101
1111111100101011101
0111111001111111111
0111111000100110000
0111111100010111101
0111111100000100101
0111111101111110110
1111111010100010001
0111111010100111001
1111111101000111100
1111110100000100011
0111111101001011101
0111111011000111000
1111111100001110001
0111111101001110011
0111111100001100111
1111111101001101101
1111111100000010011
0111111000010010011
1111111011011100101
1111110111001100011
1111111010010011011
1111111100100010001
1111111010110111110
1111111100000110001
0111111011000111001
1111111101100010101
1111110011110011110
1111111100111101000
0111111011011100011
1111111100111000110
1111111010101011111
0111111101110010100
0111111100000101100
0111110110010110011
1111110011100111010
1111111100100100111
0111111011000001000
0111111100001001110
0111111100100011110
1111111100010111001
1111110110000100010
0111111011111010011
1111111101001011000
1111111101010000100
1111111011001100001
1111111101010100001
1111111101001100001
0111111100101000010
1111111101011001011
0111111101111000110
1111111010101000111
0111111010101101110
0111110110001111110
1111111100111110111
1111110111101100011
1111111010101000010
0111111011101010110
0111111100011011000
1111101110001101001
0111111011111001101
1111111100001110001
0111111011001110101
1111111001011010111
0111110110000000101
0111111101000111100
1111111010001000110
0111111101111001111
0111111011111101110
1111111101100101000
1111111101000000110
0111111011100110000
1111111101011000000
0111111101110100000
0111111000000101010
1111111101000101000
0111111100111010001
1111111011010011011
0111111001101100001
0111111100010001100
1111111101011000001
1111111100110000000
1111111011000011100
1111111011000101001
0111111010100111110
0111111010111101011
1111111100100001110
0111111011110111100
1111111011111110101
1111111101101111110
0111110111011001011
0111111011101111001
0111111100001011001
0111111101000111101
0111111100111011001
0111111001100111001
0111111101101101001
1111111011101100101
1111111010100110101
0111110111101101100
0111111101111101010
0111111100001110000
1111111011000101101
0111111010011110101
0111110100101111101
1111111001011100011
0111101101010110100
1111111100101100110
1111111100110011100
0111111011011111110
1111111100110000100
0111111010100001010
0111111100010110100
0111111100100000111
1111111101001010101
1111111001111011011
1111111011011010100
1111111011111101100
0111110110001110100
1111111100101110011
0111111100111001000
0111111100011100110
1111111101001100111
0111111010000111110
0111111101111111100
0111111101100001001
0111111101001101010
0111111101100110101
0111111100000111110
1111111011101011000
1111110111101100110
1111111100011010000
1111111101110111100
1111111011011110101
0111111100101111000
1111111011001111010
0111111100011110101
1111111000100001100
0111110010110011001
1111110010100000011
1111111010010010111
1111111101100011111
1111111010000111100
1111111101010111001
1111111100011100110
1111111100010010111
0111111011100011001
0111110111001000001
1111111011011011101
1111111000101001110
1111111010100101010
0111110100011110111
1111111011011011110
1111110100010111000
1111111101100011101
1111111100110001111
0111111101001100010
1111111101110001111
1111111101000000000
1111111101011111100
1111110100111010111
0111111100100011110
1111111010111101100
1111111010010111011
1111111100001101100
0111111101000000001
0111111000010010111
0111111100001110111
1111111101110000011
1111111100010101101
0111111010000100010
1111110110100110110
1111111000110011110
0111111101010001011
1111110010010100100
1111111011101100010
0111111101010111110
0111111101111010001
0111111010110010001
1111111011010110111
0111111011000011111
0111111100000001101
0111111101001011010
0111111010010110100
1111111011000101110
1111111101000110001
1111111100111010011
0111111010000001100
1111110110110111100
1111111000010100101
0111111101111000011
0111111101100011111
0111110111101101111
0111111011010101110
1111111100111101110
1111111010111010101
1111111101110110100
0111110101000011100
0111110100011001001
1111111100110101011
0111110111101011000
0111111010101110111
1111111010010000001
0111111101101111001
1111111010000101110
1111111011011011100
1111111100101110111
0111111100101001100
0111111001110110100
0111111100000001100
1111111000010100011
0111110111001101011
0111110111000100011
1111111101110101111
1111111001000000111
0111111101101001000
0111110001110100000
0111111101111010011
1111111001011110100
1111110011000011010
0111111100100100001
1111111101111010101
0111111101011000000
1111110110011100101
1111111010100000000
1111111010101010000
0111110110011110110
0111111001100111001
0111111100111010000
1111111101110011111
0111111101110100111
1111111100101101000
0111111001010100111
0111111010011000000
1111111100111001010
0111111011101000101
0111111101111100101
0111110100100111110
0111111101100100101
0111110100001111010
0111111100010011111
0111111101111110001
1111111101100110111
0111111100111011011
0111111101001001011
0111111100100111001
1111111101100011001
1111111101100011100
1111110111000000010
1111111010100100000
0111111100101000010
0111111010001010110
1111111101101001010
0111111011011101011
1111111101010000011
0111111101011100001
1111111011100101101
0111110100001110001
0111110111100100101
1111111101001110110
0111111101111111001
1111111010110101011
0111111011001000100
0111111100000111110
0111111101010000010
1111111100101111011
1111111100010100110
1111111011000000100
1111111101101111110
1111110001111000111
0111111010011000110
0111111000101011110
0111111010111011001
1111111100001110010
0111111010010011001
1111111101100110011
0111111101110111110
0111111101111111010
0111111100001010111
0111110000000101110
1111100010001111111
0111111100010111110
1111111101001000010
1111111001011011101
1111111001010010000
1111111101010010111
0111111100101110111
1111110111110010100
1111111101100110001
1111111100110000110
1111110010111011101
1111111101010001111
0111111010000110110
0111111011001110100
0111111000101011011
1111111100011111010
1111110111111111000
1111111010000110111
0111111010011010010
1111111100111110010
0111111101101000100
0111111100100001010
0111110100010000111
1111111100000101111
0111110111100100011
0111110111011101100
1111111101000000110
0111111000101001101
0111111101110000101
1111111100011001000
1111111101101110010
1111111101001010101
0111111101101001011
1111111100111001000
0111111100000100010
1111111101011001101
1111111101000000000
0111111001100110101
1111111100001000011
1111111100000111101
1111111011010111000
0111111101111101000
1111111011011111001
0111111101000011011
1111111011111010010
0111111100110100110
0111111011110111011
1111111101101000010
1111111100011101100
1111111000110010111
0111111011111110011
0111111101101110000
1111111100110000100
1111110110010001001
1111111010001110100
0111111010010011000
1111111101010110110
1111111101010110110
0111111100010101100
1111111101101100011
0111111000101111010
1111111010010101011
0111111101111101111
1111111101111111001
0111111101100110000
0111111000100101001
1111111000000110000
1111111100001100001
0111110111001110000
0111111010001011110
1111111000010001111
0111110001111111101
0111111101110000101
1111111010000000010
0111110101000011011
0111111010000001000
1111111101100011000
1111111101011101111
1111111011000011010
0111111010100010001
0111110100100000111
0111111011111000110
1111111100000001001
0111111101101000100
0111111011000111010
0111111101111001110
1111111001011110011
0111111101100111010
1111111100010101111
0111111010000100110
0111111100001110011
1111111100011010111
1111111011011100011
1111111101101010111
1111111000101011000
1111111100001101110
0111111010010001001
0111110101101011100
1111111101001110100
1111111011011111100
1111111001000110110
1111111010001110011
1111111101101001101
0111111101000101010
1111111011111011001
0111111000110001001
0111111000110010110
0111110100101011001
0111110111101101010
1111111100111100001
0111111011110110100
0111111001001110001
1111111001111111110
0111111101110010101
1111111011101100111
0111111000111000101
1111111010111111001
0111111100111000010
0111111010000000111
1111111100011010110
1111111011111101010
1111111011001001100
0111111100110111100
0111111101111001100
1111111010110001100
1111110100010110110
1111111100110010100
1111111100010011001
0111111100000010000
0111111001111011000
0111111100001110001
0111111011101100110
1111111101001000000
1111110110001010110
1111111011011010101
1111111100100101000
0111111011110101101
1111111101111010100
0111111100011100101
1111111101110110010
0111111100010010011
0111111101000000111
0111111001111100111
0111111101000111000
1111111010101001000
1111111001010011111
1111111011011100000
1111111101101110010
1111111100101110011
1111111010100010001
0111111101110011000
1111111010110101010
1111111000001011011
1111111001100110111
1111111000000110110
1111111101000100111
0111111100111100101
0111111101111101010
0111111100000101111
1111111100111100010
0111111101011000110
1111111001000011010
1111111010111111010
1111110111110100110
1111111010000101100
1111111101110111001
0111111011100000111
0111111010010010101
1111111011010100101
0111111100111110101
1111111100011010011
1111111101101101000
1111111000110100110
0111111001101001111
1111110111001000001
1111110101001110000
0111111100101000011
1111111011100001101
0111110110001000111
0111111011010100001
0111110110100011011
1111111101010110111
1111111101010011111
0111111101011010000
0111111011111010110
1111111101111100111
1111111101000100111
1111111010100000111
0111111101101111110
0111111100111001001
0111111100111100111
1111111011101011000
1111110110100000100
1111111001000011011
0111111101101011011
1111111101011000110
0111110111001110111
0111110111110110101
1111111101100101110
0111110100000101011
0111111100001001000
0111111010110100011
0111111011111111001
0111111100010100110
1111111100111000000
0111111011011001000
0111111011011110000
0111111100011100001
0111111011111000000
1111111100011011111
1111110100000010010
1111111000111001010
1111111101011100100
1111111101111001011
0111111101100110000
1111111010001000010
0111111100010010111
0111111010000010110
1111111101110101111
1111111101110011001
1111110111101010101
0111111101000010011
0111111010010000101
1111111011011110100
0111111001000000011
0111111010110001010
1111111101011101110
1111111011110100010
1111111100000010000
1111110011100100100
1111111011000010000
1111111100001011000
0111111001001110100
1111111100010010100
1111111101100101101
0111111011110001110
0111111101011010011
0111110100101101111
0111111010100000111
1111111101010100011
0111111010000111111
0111111101011001111
0111111100001010000
1111111101011001011
0111111101011110101
1111110110010001011
0111111100101001000
0111111101001001100
0111111000011111010
1111110110000011010
1111110111001010100
0111111100100111001
1111111010001110111
0111111010000111010
1111111001010001001
1111111101001101000
0111110010000101100
1111111101001011101
0111110111101001111
0111111101010000010
1111111011000001001
1111111100000110000
0111111100000011100
1111111101101111101
1111110111010101110
1111111100001001100
0111111010000111101
0111110111010010100
0111111100110011100
1111111101110100000
0111111101101101101
0111111101110110111
0111111101110010011
0111111101011010101
1111111100010111101
1111111011000000001
1111111001011101011
0111111100110110001
0111111100101111001
1111100110011111011
1111111100010100110
1111111011111110100
1111111101101101110
0111110101101011011
0111111001110101111
0111111100100010100
0111111100001010101
0111111010000011100
0111111100100100010
1111111100000101101
0111111100101001010
1111111101111100001
0111111100110000100
1111111100001111111
0111111101001100001
0111111101111011010
0111111001010000110
1111111101010110010
1111111010000011100
0111110101010101101
0111111101011110101
1111111011100111001
0111111101100011011
1111111001000010100
0111111101101111001
0111111000100111010
0111111010110111010
0111111010001001001
0111111010001111111
0111111100100000011
1111111100011100100
0111111011000010111
1111111011001111100
0111111100001010000
1111111101001111010
1111111101100101001
1111110010010000101
1111111101011110001
1111111100111101000
1111111100000110100
0111111101001010001
1111111100111101101
0111111000000001100
1111111011111111011
1111111101100001000
1111111011110010110
0111111011111100010
1111111100010111011
1111111011001001000
0111111101100101110
0111111000101000000
1111111100100010111
0111111010011001000
1111111101101100000
1111111101010011011
1111111100000010011
1111110111100110001
0111111101100000000
1111110101100000110
1111111100011001011
1111111101011100010
1111110110010001001
0111111101001010110
0111111010111000101
1111111100011110011
1111111101100000001
1111111101010001010
0111111001110000111
1111111100111101010
0111111001000100111
0111111100000010010
1111111010010000101
0111110101100100110
1111111011010011101
0111111100110101100
1111111100000100101
1111111100011110110
1111111000101010100
0111111011101001000
0111111010010111100
0111111101001001100
1111111010000001111
0111111101010010101
0111111010110111110
0111111011100010010
0111111101000001111
0111111101010000110
0111111101101001100
1111111010101100100
1111111100011011101
1111111000101010010
1111111100001001111
0111111101011010100
0111111011100001000
0111111100110101110
0111111011110110011
1111111000010001101
0111111100100000000
1111111001101111011
1111111010011110111
1111111010110001100
0111111100000110001
0111111010001001011
1111111100111100101
0111111100111000111
0111111001100000001
1111111000101000111
1111111010000100111
0111111100001100110
1111111101001011101
1111110100000010100
1111110110100100001
1111111011110101110
0111111010001110001
0111111100001010011
1111111010010011100
1111111100111010010
0111110100010101010
1111111101111111100
0111111101011011010
1111111100100100111
1111111100111101001
1111111101110100110
1111111100010101010
1111110001100001100
1111111100000011010
0111111100000010011
1111111100010100100
1111110101100111110
0111111000010110010
1111111011100100111
1111111101110010011
1111111101001011010
0111111101100000110
1111111001010001001
1111111001000010000
1111111011010111111
1111111011011110011
0111111101001001110
1111110110100111011
0111111010010011111
1111111000001001000
0111111010010110111
0111111100111010000
1111111010001101011
0111111100111011011
0111110110100001111
1111111101101110001
1111111010100111010
1111111000110011101
0111111101011111110
1111111100110010011
1111111100111101001
0111111101000001010
0111111100010111111
1111111100101000000
0111111100100010111
1111111010010110100
0111111101110001001
1111111101100011110
1111111101000000110
1111111001011000011
1111111000101110100
0111111101010110100
0111111010111001101
0111111101000111011
0111111011010101100
0111111010011100101
0111111100110011110
0111111101010111001
1111111101001001000
0111111101001001000
1111111010011101000
0111111101000000011
1111110101001000001
1111111010110100001
0111111100101111001
0111111011001000111
1111111001001111110
0111110110101001110
0111111100100101000
0111111011001010101
1111111101111100100
0111111001010111111
0111111010001110001
1111111011101100001
1111111011010110110
0111111101010101110
0111111011101000000
0111111011110011011
0111111011011010100
0111111001000001001
0111111101000101110
0111111100101011101
0111111100011111000
1111111100010001100
0111111101000001111
0111110000110001111
1111111101110100101
0111111101011111111
1111111001011000001
1111111000100110101
1111111100010100001
0111111100000011101
1111111100001010001
1111111010111010111
1111111100100110100
1111111101101111110
0111111101110101010
0111111011000101000
0111111101011011011
1111111000011000100
1111111011101000100
0111111101010001001
0111111011101111110
0111111101110101100
0111111001100101110
0111111100111011001
0111110110001111111
0111111101111010101
1111111100000100110
0111111101000110110
0111111101000111000
1111111001101100011
1111111011111010011
0111111101000100111
1111111101010110001
0111111010010000110
0111111011000010011
0111111011001001101
0111111010001100101
0111111000100001101
1111111101010111110
0111111011111100100
1111111011110110001
0111111101100110000
0111110110100111101
0111111100101010111
0111111001100100101
1111111100010010101
1111111100101001101
0111111000010011111
0111111011000000111
0111111010000110111
1111100101100001001
0111111101011010101
0111111000101110111
1111111100000000101
0111111100110010001
1111111010001100110
1111111011000001110
0111111010110000111
0111111101001000010
0111111001001001101
1111111101100000101
0111110111000101111
0111110111110001100
1111111100111101100
0111111001101111110
0111111100100000110
1111111010010111010
1111110101110110111
0111111100110001011
0111111101010001000
1111110111101100111
0111111101011100100
1111111100111011010
1111111011010010010
0111111010001110010
1111111011110111101
0111111010101111101
1111111100101011010
0111111100000111101
0111111101111101000
0111111101001011011
0111111101010001110
0111111001101000010
0111111010110101100
1111111011011101010
1111111101011110010
1111111101101010110
0111110100101110001
0111111001101101100
1111111100101110010
1111111010011001111
1111111001001011111
0111111000000111101
1111111101001101000
0111111101101111100
0111111011101011111
1111111100111000111
1111111100001000100
0111111011011101011
0111111011001111011
1111110111001010000
0111111100100100110
1111111010000100100
1111111010011001101
1111111010111000001
0111110010010101000
0111111100000001011
0111111011111111011
0111110011010111100
1111110001011000100
1111111010001001010
1111111100100010111
0111111010101110111
0111111011000001100
0111111011100000011
0111110101000000001
1111111101111100100
0111111010111000001
1111111001010000110
0111110101001111000
1111111101000111101
1111111100111001111
1111111101010001011
0111111100110001101
0111111101110101100
1111111101010000000
1111110111010110111
0111111010011111110
1111111011011100001
1111111100111100110
1111111011001000010
1111111001110100011
0111111011110010010
0111111011010111100
0111111101111101001
1111111101010011100
0111111010100000011
0111111010001110010
1111111100001101001
0111111010000010011
0111111010110011110
0111111101011000011
1111110111101010110
0111110111011100000
1111111010011111110
1111111100101010000
1111111101111011101
0111111101100011011
1111111000010100011
1111111101001101101
0111111101000110110
1111110011011000101
0111111100000111101
1111111001110011101
0111111100111000000
0111111100100111110
0111111100010000000
0111111011010010010
1111111010001111110
0111111011111111001
0111111101111010111
1111111101111101100
1111111010000011100
1111110101101110001
1111111010001010011
0111111101110100111
0111111101000101100
0111111100000001000
0111111100001100010
1111111100101111111
1111111101111011100
0111111011101010110
1111111011100110000
1111111001100000000
0111111000001011110
1111111101101100100
0111111010101110010
1111110111010001000
0111111101101000101
0111110110110111111
1111111101100101011
0111111010001110110
1111111100110011110
1111111101110001011
1111110100000110010
1111111001100001010
0111111100101001001
1111111000001000000
1111111011010011110
1111111010101011100
1111111100000010110
1111111011100110011
0111111101101011100
0111111101011111100
1111111101001110110
0111111101001001010
0111111011011000100
0111111010100101001
1111111100110111000
1111111010010011011
0111111011001101111
1111111000110001011
0111110101111000111
0111000111100011100
0011111010101101110
1101010110111000101
1111001000100011010
0111010101110000111
0001100011011011111
0100010000000111101
1010110010111111101
1000001000001001101
1110101010001001000
1011110010001010001
1101001000100111110
1011001010000001110
0010010011101010001
0111100000001010011
1101000001100111111
1100010010000000010
1011110100100111111
1100100110110111000
0101001110111111010
1110100000000010100
1100010000111001110
1110000001001111001
1001010000101110111
1011000110000001111
0000001101010001111
1011111101100010011
0100001111100001100
1101111111101110111
1100110000111000001
1000100000100011001
1101000100101001110
1011111111001111001
1001001000011010000
1011001110100001110
0011010000100110011
1100100110000100110
0110111010110011011
1111001010000111000
0010110010000110100
0101010111001111001
1100011011001011001
0010011110111001101
0101010100101001010
0011011100111100110
1110011011010010100
0101001111101010101
1011011010000000100
1111100110011100110
1000110000110100110
1101100000100001101
1101011001011000101
0011010101000001111
1011100101000101001
1100111111000011111
0000010010100111100
0011100101100001110
0011101100011101011
1000100011111110010
1001101110010001000
0010000111001001110
1101100110100111010
0111101000100000110
1010011101011010011
1101010000100101100
1011110010110110100
1110110010010110011
0111010101010100010
0110100001111110000
0111000110001011000
1011010011000111001
0110010101100001101
1110001011001100110
0101001010011101100
1101011110000110101
0011011111100111010
1101111011111010100
0000101010011000110
1000110000001010101
1010011100101011010
1101000101010111001
0111011000111111000
1010101011010100010
0101001111111111101
0110011000011100101
1110010010011011101
1101000110000111100
1010010110111010001
1001000010011110110
0101100011011100100
0011110010001100110
0001011110000111010
1101001011100010001
1100110110010011100
1100101011100110010
0110100010011000000
0001100100001000111
0110101110110101001
1011010000010001011
0011001101000011000
1100011101011101010
1100011010101010011
1010111110100111101
0011100111100000110
0010101000001010111
0101000001111101110
0101101100111101111
0100101101111110111
1001010011000000110
1110101110101100010
0101101011000011011
0000110001011111100
0011001000011100110
0110111100001101111
1111011110001110101
1000011010101110000
1110111010011111111
0001000011001111111
0101010011101110100
1001010111010101011
1111011000110111110
1111000000010000110
0110001110110111001
0001101000000001100
1010001100110111101
0001100100010111010
0011101011011001010
1111100000100111010
0010000101001110110
1010111001100101100
1011111011001101101
1000110000001110111
0100111110100100110
1001011100100111101
1101011001000010011
0110000100110100011
0110110110110001111
1000010000101001110
1101100000000111110
1010010010101000100
0100011111101101001
0011000110100101100
1101100010100101001
1000001010100110110
1010010111110001000
1000011100100000100
0001101101011000001
1011110101000010111
0110110000010001110
0010000100101101000
0110000010000010110
0100010011111011111
1001010010100011111
1111110101010110000
1011010110000011110
0011100001010011011
0011010001101000110
0010000100011011001
0011000001011100100
1000000010110001001
0110101010000011111
0111000011011101001
1110100000100110000
0011001000100111111
0101110000001111101
0100001111100010111
1110001011000010011
1001011101111000100
0101001000100100001
1111010110010000001
0101101100010110101
0001101011011011000
1010011000001101110
0000101100000101001
0011000110101010011
1001110101011011011
0100010101110000101
1001101101101110111
1110000111110011010
1101000100010000001
0110110001111101010
1010101010111100010
0010011000111110001
1110000001100011101
0001101101101000111
1100000100001010111
0011000011101101011
0000101111001010001
1110000011100111000
0010000001110010100
1010000100000101100
1010101111000000001
0111110010010010111
0001111101010001101
1001001111110011001
1101101001000011011
1011100011000111010
0011000101010100110
1110110010101011000
1110000111111110101
1110101010000000100
0101000000010010001
0111100011011111110
1110010000011011100
0011000000011010111
1100001110001101111
1001111110010100010
0001111011111100010
1101110000100110111
1011000001110010011
1101111011111111011
1100000000100110100
0000000101010011100
1101110110001100110
1101010110001011110
1011010001000100101
0111110100010000111
0010001001101000001
1011001011011101110
0110000110110110101
0111101001000010100
0101000110101100010
0000100100011100011
0101011111001000011
1111010011000001001
0110110011110000000
0010110011101100101
0010011001111110101
1100000001100111001
0011011101011101100
1000110110110010000
1110111111001101101
0001000001000001001
1100011100010111001
1001000001111010101
1100001101110010001
0010110100100000101
1000001011000101111
1000010100000011000
1010101010000010000
1010010100001100011
0111000001010101111
0101110100011000000
0111110010000001010
1010011100001010011
1100100000001010110
1001000000111100111
1100010100100000100
1101101110111011000
0011001101101011010
1011011001011000000
0101101011011100011
1011101110101000101
0011001001110111111
0100000110010111001
0101000110101101101
0010001101000110101
0010011000100100011
1011001101000101111
0100101100000111001
0111011000000000010
1010011100111000100
0110100000111111001
1110011110110100001
0100101101101010100
1001011011000010000
1110101011110001000
1100010100010110000
0010101101000110111
0101111100001101111
1001011010000110001
0100101011010001110
1111010110101010010
1011001000000001111
0100011101000100001
0110010010110000011
1000101111001001111
1111110010000001101
1110101101011100000
1000011001011010110
1000010011000100101
1110100010110010000
0011111011000000011
1000111011011011111
0000010110001001110
1011111100000101111
1011000110000101111
0100011000101001111
0010000010001011101
0101001010110010101
0110000011111011011
0010001111011101101
1010000110111101000
0010110011011110011
1010010101111100110
0000111101110101101
0010001000001011000
1100010000101110100
1010010000001011010
0111110001111011001
1110100101111101001
0011111010001110001
1101000010001011011
0010111000110011011
0101010011011101001
0000101100111011101
1000100011000010110
1101011001111101101
1001110010101010110
0011100110110011000
0101111010100010001
0001101110110100110
0011001001100000101
1100010100011001101
1010110011101010111
1110000110100000101
1111100110010010010
1010011111110000111
0101000100001100010
0111000001100010000
0011101010101111110
1000000011111011111
1010101001000101101
0011001010010001101
1101000101000011001
0000101110010000111
0111011111000110110
0001100001011110001
1101110001011010011
0011100001010100000
0101101111001101111
0011001110000011010
1101010000010100111
0010010100000100110
0011101111010010111
0001001010100000110
0101011100001100111
0111011110000001010
0110011110110100010
0011100111001010110
0010111011110011100
0000011101010100111
1010010000111110101
0100110010110011001
1010110110110000000
0011001010011110101
0101011010110001011
0011100111001011100
0001011110011011011
1100101000011100100
1100100010110110001
0001001110101001110
0100010111110010010
0010110010110111010
1101000110111100111
1001101000010001111
1001101000111011010
0010111001010101001
1001100010100010110
0010100100110111000
0010101010001010101
0100100010100001000
0110100110110011010
1000000100010100100
0101101001101000010
0100001001001101101
0111101010010111000
0001110110100011010
0110000000101101000
1010110011010101011
1011000110001100111
1000110011101111010
0011000101101010111
0001011000011110110
1000011010101111001
1101101011001101010
1011101001111110001
1010010001000000100
0001110110110010110
1001001011111101000
0111000011001111010
0000101111101010100
1000101000110001111
0011110100001101100
0001010001001110011
1011011010111001011
0101000000100111001
0100101111010110010
0011011110111001111
1100100110010111000
1001111011101010010
1100000110010001101
1101101100011000101
0010010110101111101
1010100010100011101
0011100110000000110
1110011001000001101
0110010000100010010
0000010110111110001
1011010100110011001
1100110101100101011
0011010011110011110
1111111010101110000
1111010110001001011
1111011110111000001
1011000110011010110
0001100000010011010
0010001010000111110
0110111001001100110
0101000010000010011
1101110110101011011
0010110111000100100
1101110100010011100
1100110010101111010
0101110111011000010
1111110000101101100
0001111010101010001
1100101111100011000
1011100011000100001
1011101000110011110
0100110000101101101
1000001110100110101
1011110011000111011
1101100000100100101
0101110000001001101
0001111110110111001
0010011111101000111
0010001100111011011
1101011011001100111
0100011111001111001
0010011001101000001
0001100000111010111
0101111000011010110
1101111110011010010
0001101010001010101
0110111001010011100
0011001111010110101
0011000000011101011
1010100100011011110
1100000110100101111
0001010100111010110
1011111011000110011
1110001001111001111
0110000110100100100
1011001011000100100
0111001100111011101
1010001101111001001
1000011010110110010
0100110100110000110
1110000001011101010
1100100010100100100
0110111011010000101
0010011000000000011
0111010110100000001
0001000010100011011
0110100110010000000
1110001111111110010
0001010110010000001
0110000000101111010
1011101001010101001
0001000000000010001
1111010000001101100
1101000110011000011
1010111110010110011
0000110111011011010
0100111000110010010
1110100011001010001
0100011011010110010
0111100001111000010
0111000000110101011
0000010111100001001
1111111010001001001
1111000100110001100
0101011101001100001
1001100011111110110
0110000010011001100
0101011010000100011
1011010000000101000
0100001000101000110
0111011001001111000
1001000101000001000
1001010111010001010
1100100100000101110
1101100110000000001
0101001101100110010
1100111011101100111
1000101111011011011
1111011100000010000
0001001000100001000
1111101000110100011
0111010111010001000
1111011111001000111
1011101111111001011
0010000011111001011
1011100010001110001
1100111101100111010
0110100110100101001
0110010011110100011
0001110100110110110
1011100100100011111
0110101100110101001
0000111010000100010
0100100100011101100
0101001101011101000
0110010011101101010
0101001100011001001
1010100001010011100
0000010010011101100
0001110010101110001
0000101101000011110
1100100000000100011
1010110101110011110
1011011001111110001
0110010100011100110
0011000110000101110
0010101000100111011
1000001010011011011
0010110110011010101
0011100111011011111
0011001000010000111
1001101111110111001
0100111011010101010
0101001100010100011
1111110101100101011
0101010100101000111
0011110100010111011
0101011001001101001
1101100110011000100
1011101111101111011
1111100001000110010
1111101000010001111
0110101101010010010
0010000001001111000
1010000010111101110
1010111101110000111
0010100101001101001
1111001111001110011
0100110110011101010
1011011001000100101
0110000110011011001
0110100100001110100
0110101000000101010
1101010110001011001
0111110000110101010
0101000100111100000
0100001001101010110
1010110111111011101
0010001110111010110
1111001010010101011
1000010100110101010
1100011000110010111
0101111101101011001
1100000111101001111
1101111101011010001
1000011001001011000
0111000100110000101
1000111101110011000
0000100101000000111
1111100010101010111
0101111110001101011
1010100011001110000
0000101011011001001
0010101000010111101
0001010000011010011
1011011000111010010
0001111010100111100
0101001001010101011
0111001001100001001
0010000010110110001
1001000000010110010
0000101011010000001
1011001010000010101
0010101001011100101
1111000001111010111
0111100011011010111
1001100100001001011
1101010001000010011
1000001100111110010
1011111000100011111
1000100011011110100
0100101010010111111
1110010111110111000
1001110111001110111
0101101100001011100
1111001011101011001
0000011011010100111
1001101001100101010
0000100000011010001
1001001000010001111
0011010011000001001
0100000011010011001
1100101101110111001
0110011100111001110
1011001100110101101
1100001110001110010
0101101001000110011
1101100110010110101
1111011010101001111
0011100110001001101
1111010100010111101
0111010001101011101
1111101101101010000
0010101001000010000
0011110011000100000
0101111100101110101
0000000111010110011
0111101101110011010
0110110001110000001
1010110000000101111
1111001000010000010
1000010001000100110
0100010111100110001
1001100011011011111
1010001100110101010
1001111011011010010
0011001001101000000
1100101001111011101
0001111001011101111
0011110110000110110
0111011000010010111
1010100010111011100
0001011001111000010
0100101100010001101
0111011001110100101
1010000000010111110
1011100001011100110
0010000100100111010
1000101101011110110
1001010110010011101
0001110001110010111
0000110000011101100
1110110011111000011
1000001111000000000
1110110110111111011
1110111111110001100
1001010100001000100
0101001000011101001
1001011000111011100
1111111101101111101
0111001000000010101
0010010100001100101
1011011001001010010
0000000101111001110
0011111111100110111
1111100111011001001
0111101011100010001
0100010000001111111
1010100010011100010
0111001010100111011
0010111101101011111
1110011101101111101
0001011011000101100
0111010001101110010
0010001000100001101
0101100110010010100
0111000100101111010
0000010011001011100
0100100011001101011
0000011011110011000
1010110010001000110
0110101010100001011
0101101011111111000
1111100001010111110
0011101110000100010
1110010110111101101
1011000101100010110
1110110111110000100
0100010100111010100
1110101110001100111
1001110110010110101
0010110111100110000
1011110000011100011
1010110100001001101
0010101011010110001
0100101000101111110
0110101101110101111
1101000000110110101
0101000111000000110
0111100000111100000
0110001000100100011
0001101110011100111
1010101010100010001
0101010110011000011
1110011110000111001
1111101011101111111
0101001010110111011
1100110100010011110
1111101001010010010
1101010100000101100
1010001110111100100
0111010011001011111
0110111101000101110
0011100111011111000
0110111001001010100
1100011011101100011
0111001011100111010
1111000100100000110
0001001110100101100
0000100111111011101
1000010001001010100
1100100110000110001
0011010111010110111
0111010010100101011
0101101000100101001
1010011000000001011
0100101110101100011
1001111000010011011
0000010101001001111
1100000011001110011
0001111001011001000
1010110110011001110
1110000000100011110
1010101110111000100
1100001010110011111
0000110110111011010
0101000110101110011
0001000000011101101
1101011001010010101
0001110000110011011
0100011011111111000
0000100110101000001
0101000011000111000
0100000101111000100
0010101000110001010
0100001010010011011
1111110000011110110
0000110011000011010
0111101000010111011
1100111101110111100
0000111100001010101
1111101010111111101
1000010010000100010
1111001100010000101
0110110100110011001
1001000110100111111
1110011100011110010
1011110010011111011
1001000111001001000
1101111101010000001
0101000000111101011
0000011101000010110
1100100101110000010
0010100111101010011
0100011010111110000
1101110001011100100
0011010001101010010
0101001011000110011
0011001111100010000
0011010100001101110
1100011000110001111
1110101100001001011
1010011111001001101
1100010011111000000
0101100110111100101
0000110000011000001
0001101011001001110
0000100100111100101
0011110101011000111
1010100011001111101
1100010110010100011
0100000100110110110
1100100110100001000
0101000100111101110
1011110011011001110
1110100010000000011
1100110011101110010
0011010110100101000
1100111010011101010
0110111110110100000
1101010110110001100
1010010010100001100
1010111000010001110
1101111000111010101
0011101100011011110
1010001100100000101
0010001011001101000
1111000001111101010
0010100111010100011
1100101110111001011
0011001110011011100
0011101010011100000
0110110111001100000
0010001010101001110
0110101100101111000
1010001110110100000
0001001101100011001
1110111010010111010
0001110100001110011
1010000010011110110
1110001010011111110
0111011001010100011
1011100001001000000
1100101100010101101
1110001010111000010
1011001111101011111
0001110100011110101
1101101101010111110
1001100001111111100
0000100100110101110
1000011000101100101
1010011010011001000
1110111100000000100
1010111100110110001
1100010101010101101
0010110111010110000
0000101100001010010
1101101100000100111
0000010111001110010
0001011111101110110
1101100111011011000
0011011010011110100
0100000100000110010
1110010000000111010
1111100011001011011
0010000100100011001
1000010111011001010
0110000011001000010
1001110010111111011
0000110110001101101
1100000011000010101
1101010010101001100
0010110001101010100
1000110010111100000
1010001100010100111
1100010101000111001
1010101100100000010
0101001110001010000
1111000010001001101
1011010110000110111
1110000100100101101
1001100100011101101
0001001000001001100
1001111010011010100
0000101000110101100
0000011011000011000
0100001010000010001
0000010001010001100
1101100100001110000
0111000010010110111
1100001010010000011
1001101011111000001
1001110000001000000
1010110111001111100
0101010110011000101
0101110001001101011
0001000010100110010
1101111110110110000
0111100110111011001
1110011011001111000
0011011000000110001
0010111100110000100
0010000101110110111
0111101111100001010
1010100100100011011
0101000100011101011
0010000110100101101
1110011101011101110
1110111011100001000
1101001110110011100
0110111010110100001
1100101101011100100
1000110001110010010
1000011111010000110
0111001000100110000
0010101111101110100
0101001000011010101
1001011000001001101
0111010110100010010
1101100000100100001
0011000011110111010
0100101001111010010
0111101101011001000
0000001000101111000
1100011100011101010
1011011101111101010
1011101110001000110
0000001000110100001
1100000001111110100
0110000000000100111
1010110111101010010
0011000010000111111
0101000110111111001
1001100010110111111
0000100011101001000
1011110101101111110
1000000011000111101
0010000100010010011
1000011110001100010
1111000000100000111
0100101010110010001
0101111100011111010
0000110111010101001
1111100010001010011
0111110000010001000
0110100100111000111
0000011110110101011
1110101011100111100
0100010110111110000
0011011010111101110
0000010101010100011
1000111111001100101
1001000100000011100
0100010101011000000
0101100000100110100
0100111100110000000
0001110011011111111
0110110100010101010
0100110100000110111
1111010110111111101
1110001010000111010
1010001110101111001
0001001011001111110
0100001101111001100
1010101110111111001
0010101001101011101
1000101010010010110
1111011000001000011
1110101001011101011
1100011111101001010
1101010001111100111
1111101111010001001
1001010010100010000
1110111000111100111
0011111110001011111
1010111010111101100
0011100110010001110
1000111000000101011
0011011101011001010
1001001000010111101
0010011101111111001
0000111101101111111
1100101110100000111
1000011110011100001
0010000100011011111
0010010100101001101
0110000011111011110
1101011011100001010
0000111010010100111
0111111100111011100
0100010100110101100
1001011100010100010
1100010100100010001
0010001110010111101
1000001110101111111
0001010110100010111
1110011101001111101
1001100011110000100
0111110010011101000
0101111110111001001
1101111101011000101
0000100111101011100
0000010000001000001
0100100100010001110
0101001000100111010
1110100010010101100
0101011001000111110
1111111000101110000
0101001100110100101
1110010100010111100
0110111110110000100
0001111001100000100
0111100001011001010
1010011111101110100
0001000100101010001
0011011110111100110
0010000100110001100
0100100100110111101
1100011100111010000
0011100111011010000
1110101000110001101
0110000110110110100
1111011101001101110
0100001010100001011
1001001111000001101
0000010110110010111
1011110010010000111
1100110100100010101
1001011010100000100
0101110110101000101
0110010000110101100
1010101010000010101
1110100000001100111
1110011010110010110
0001001000111100111
1111100101011101010
0111101011010100001
1001111010000110111
1010000111000011101
0100001010110110001
1011000010001010001
0110110110011100111
0111001000100111110
1111110110000010001
0001101010110111011
0010010111010011101
1000101010010110011
1001011011000100000
1110001101000110101
1011001101101011110
1101000111000001010