1111111100011010111
0111111100000110100
1111111000000110000
1111111000001000111
0111111011000110101
0111111101001110001
0111111000100101101
0111110101110110101
0111111000101010101
0111111100000111110
0111111100100010001
1111110111100000011
0111111001010100010
1111111100010101111
0111111100101010000
0111111100000000001
1111111101101000011
0111111100100110100
0111111100101011100
1111111100100111111
1111111100011001100
1111111010111101110
1111111011111010101
1111111100010000110
0111111101111011011
1111111011001010110
1111111100100100010
1111111100010000000
0111111011100110100
1111111011001101110
0111110110000111111
0111111100011010011
1111111001111101100
1111110110000100101
0111111000101000110
0111111101100110010
1111111011101101011
0111111011000000110
1111111100000001101
1111111100101110000
0111111000000111110
1111111101000101010
1111111100101011110
1111111100001111111
1111111000100100011
0111111100101111101
0111111101001001111
1111111011110010010
0111111000111001011
1111111100100111110
0111111010011111000
1111111101100011111
0111111010000100011
0111111101011010100
0111111100101001111
0111111100001110010
1111111000001010110
1111111100000110111
1111110111111001010
1111111100100000101
0111111010100011000
1111111001100000101
1111111000111111111
1111111101001110111
0111111000100100111
1111110110100101000
0111110100010000101
1111110100100010100
1111111101111011111
0111111010101011000
1111111101110010110
0111111011111001010
0111111100000010001
0111111100001010010
0111111100101011101
0111111011000000110
0111111011011010011
1111111100110001001
0111111100100100000
0111111010110000101
1111111001111010011
0111111010001000101
1111111010100110100
0111111101011100111
1111111100000100011
1111111101100101101
1111110110011000011
1111111100110011110
1111110111110001011
0111111010010001010
0111111101100110000
0111111000100001000
1111111101100100011
1111111010111110011
0111111010010100011
1111111011011111011
0111111000001000100
0111111101110101100
0111111101100111000
1111111100001100001
0111111101011010100
1111111101110100011
1111111011000000110
1111111011010111010
0111111100110000110
0111111100100110110
1111111100110000110
0111111011010010001
0111111101101001101
0111110100111010110
1111111010010101100
0111111011100001110
0111111101111100001
0111110100001111110
1111111101000001111
1111111101001100001
0111111101111111110
1111111000101100001
1111111010000100111
1111111000101000001
1111111101100111001
0111111010101010111
1111110100110010010
1111111010000001100
1111111000010011101
0111111010001000100
0111111100101001010
0111111101101100001
1111111101110001101
0111111000011101100
0111111011110101011
1111111100100101110
1111111001001100101
1111111100000101000
0111111100100101001
0111111101001001101
0111111101111010110
0111111101111000011
1111110110111011111
0111111100101001110
0111111100001110100
1111110110101000110
1111110110111100001
0111111011010100100
1111111011110000110
0111110011011111111
0111111000110011001
1111110101010111111
1111111100000111111
1111111101001100010
1111110110110000011
0111111000000001111
0111110011011110110
1111111101101111000
0111110001101011111
0111111101101001100
1111111100010000001
1111110100000001111
1111111011010110111
0111111001111001000
1111111100111001110
1111111000011100100
1111111101010001100
1111111100010110000
0111111101010100010
0111111100001000011
1111111101001010010
1111111010001111011
1111111011110101000
0111110010000001001
0111110111101101010
1111111010010110110
0111111101011100110
1111111011001001110
0111111101010100001
1111111000110101010
0111111001001000101
0111111100011101110
1111111100111001011
0111111100101001000
0111111100001010110
1111111010100101001
1111111100111111011
0111111100010001101
1111111100000010101
0111111011000110111
0111111001101100011
0111110111001100100
1111111001100110101
0111111101000010010
0111111101101011010
0111111100101000111
1111111001011001001
1111111101100000101
1111111101010001001
0111111010110100011
0111111101111000111
1111111100111110111
0111111100000011100
1111111000010111111
0111111101000010011
1111111010001101011
1111111010000100001
0111111101110110010
1111111101110000001
1111111100100010111
0111111010000010010
0111111010000000010
0111111010000111110
1111111011011001001
0111111100001001100
1111111100010001110
1111111100101111100
0111111101100010010
0111111000100000100
0111101110101010100
0111111101010000111
1111111101010001000
0111111100111100000
1111110111100011011
1111111010111000111
0111111100110001010
0111111101101100100
1111111100011010101
0111111101110101001
1111110111001111011
0111111100010011101
1111111001101001111
0111111001001111110
0111111100110010011
1111110101111010100
1111110110011000110
0111111101101011101
0111111100010010001
0111111011000000101
0111111101011101111
1111111001110101001
0111111001010111000
0111111101010110111
1111110111001001010
1111111011001001011
1111110110011011100
1111111100101101011
1111111101111100011
1111111000111000000
1111111100111110000
1111111100101000111
1111111101110111010
1111111000101000000
0111111101000000100
0111111011010010001
0111111100010011011
1111111101001111101
0111111101110000001
1111111101100110100
1111111001110010010
1111111100010010111
1111110110111011111
1111111101110100010
0111111001101111000
1111111001111101111
0111110111100110101
0111111101011101011
0111111100010001101
1111111000111110001
0111111010010100101
0111111101001110100
1111111001101111011
1111111100111101100
0111111100101111100
1111111000111011111
1111111001010010100
0111111100110011000
0111110111010000100
0111110010000000000
1111111101001010011
0111111101010100110
1111110101101110101
0111111100101001111
0111111010000000111
1111110101011110111
0111111101111110101
0111111101000000100
1111111100011111110
0111111011110011111
0111110101011000110
0111111011001100010
1111111101101001110
0111110010011001011
0111110010111100111
0111111101001100000
0111111100111010100
1111111100110100110
1111111100011111001
0111111101010011101
1111111101100001000
0111111101001010100
1111111010111111011
0111111010001110000
1111111011001011010
1111111100010000000
1111111100011110010
1111111101111010011
0111111000101100111
0111111100001110111
0111111100101000100
0111111100001100000
1111111101111011001
1111111101000100010
0111111001011001101
0111111011010001111
0111111100001100010
1111111011011011100
1111111100011111010
0111110011010000000
0111111011011001010
0111111100000110101
1111111001001101000
1111110110111100100
1111110111000100010
0111111100110101111
0111111100101010000
0111111100001000010
0111111101010000001
1111111101111001110
1111111001001100010
1111111100101100010
0111111101011100101
1111111001101110011
1111111100100010111
1111111000000011011
1111111101010101010
0111111101110001001
0111111010000100101
0111111010011000111
1111111010111100000
0111111011110110100
1111111010101111010
1111111000101100100
1111111100111011111
0111111011001000100
0111110101111100101
0111111101111001111
0111110001111010110
1111111011111100001
0111111100010100110
1111111100110001101
1111111101000110101
0111111011110000110
0111111101010110101
0111111101011000101
0111111001100110000
0111111010010000110
1111111101110011010
0111111010101011011
1111111100101111011
0111111101010110101
0111111101110110100
1111111011110100001
0111111101111100010
0111111101001101110
1111110111011011010
1111111010111110001
1111111101110011001
1111111101111001111
1111111100000000010
0111110110110010000
1111101111101010011
1111111011110001000
0111111101101111110
0111111101001011010
0111111100111001101
1111111101101100010
1111111011001000101
1111111010111101111
1111111010001100101
1111111101110001111
1111111011110010110
0111111101000101000
1111111011000010100
1111111101110001101
0111111001000010100
0111111101010000101
1111110100000001110
1111111101000001110
0111111011110100000
1111111010010100011
0111110011001110110
1111110110101010100
0111111101111100011
1111110011010101101
0111111101000001001
1111111101001000101
0111110011110111110
1111111100101101100
0111111010010001111
1111111010010010000
0111111100001000011
1111111000111000000
1111111101001110111
1111111100101111010
1111111101011010001
1111111101101001110
0111111000001111111
1111111010010110101
0111111100100110001
0111111101010001110
1111111010100010110
1111111011010001011
1111111100010010001
1111111100000100101
0111111100010100011
0111111100101101010
1111111100000101000
1111111011110011000
0111111101100110100
0111101000000011100
1111111000100111100
1111110110110011010
1111111101111000000
0111111100001001101
0111110111101100000
0111101110011001110
0111111100010000000
0111111100111101110
0111111100111100000
1111111011110110010
0111111010000001011
0111111010010111000
0111111010100001100
1111111000011111111
0111111101011111100
1111111001011101000
1111111000111011100
1111111011110110101
0111111100101010101
0111111100101110101
0111111011110000001
0111111000011001111
0111111000110000110
0111111100000010100
1111111100000111011
1111111100011010100
1111111100000100101
1111111101101111101
0111111001110110100
1111111101011101111
1111110001100110111
1111110111110001011
1111111010001101111
1111110100111110111
0111111101100010000
0111111010110101010
1111111100111000100
0111111100011000101
0111111100101010011
0111110100101001010
1111111100110101111
0111111100011010110
0111111101101001100
1111111010110111010
1111111000111100000
0111111101001010011
1111111101100011100
0111111100000100100
1111111101000111000
0111111011100111111
0111110101001110000
0111110110011011101
1111111100000100000
0111111100111011110
0111111101010010001
0111111011110010000
1111111010001001110
1111111011110110110
1111111000010100111
1111111100101010101
0111111010000111000
1111111011001011011
1111111000100000100
0111111000010000011
0111111101010111100
0111111100101110011
1111111000101110000
0111111100110011001
0111111010000000100
1111111000110101101
1111111101111101111
0111111000010010010
0111110010001010011
1111110100011101100
1111111010010101011
0111111011000101110
1111111100010000011
0111111101111010100
0111111011100101001
1111111101111100000
0111111011011011101
0111111001011001000
1111111101010100000
0111111100110101010
1111111010111001100
0111111011011110000
0111111100101010011
0111111100111101000
1111110111011010111
0111111010000001010
1111111001001100010
1111111011001011111
0111111100001101110
1111111011010100001
0111111101010101111
0111111101110100001
1111111100110100001
1111101110000010010
0111111001110100111
1111111101110100001
1111111101111000101
1111111001011110100
0111111011101110100
0111111010010110000
0111111101011000001
0111111010001001100
0111111101110011111
0111111010000000100
0111111010100111110
0111111101101110000
1111111101101011100
1111111100101110101
1111111101110100101
1111111101000110000
1111111101011001000
0111111011000010110
0111110110101111110
1111111101010111100
1111111001011011010
1111111010010000000
1111111010110100000
1111111100010000011
0111111100101011010
1111111100000010011
0111111101111100001
1111111010101111000
1111111011101011011
1111111101100101101
0111111010111000110
1111111010101110101
1111111010100011111
1111110001111100100
1111111101000101110
0111100100011000100
1111111101100001110
1111110100110011110
1111111100100001101
1111111001101000101
1111111011010101010
0111111100100100100
1111111100001110000
0111111001101110100
0111111100101101110
0111111101010011010
0111111100110100110
1111111101000011110
0111111101101111100
0111111001001001000
0111111011110110010
0111111100101001011
1111111101100011110
0111110100001000000
0111111011001011100
0111111101000000110
1111111101010010110
1111111101111111001
1111111011100000000
1111110101000000100
0111111011111101101
1111110101111011111
0111111011010011000
0111111011001011100
0111111101000000001
0111111101111000110
1111111100110111010
1111111011000111110
0111110010011001101
0111111010011111011
1111111011001011110
1111111100111111111
1111111001011110010
1111110001101000010
1111111100110101000
0111110111011110110
0111111011110001100
1111111101000010011
0111111010001110101
0111111100111110011
0111111100010011110
0111111011000000000
0111111001011011000
1111111100111110101
1111110101010010010
1111111010100010001
0111111101000011101
0111111101110011011
1111111011001001010
0111110110110111100
1111110111100010100
0111111101010000000
1111111101110001100
0111111100010001000
0111111100111110011
0111111011001101000
0111111100001010100
0111111011101000001
0111111101111111000
0111111101000100101
1111111010100111000
1111111101010110110
1111111011110111110
0111111010000010001
0111111011100100111
1111111101100000011
1111111000011100011
0111111011010000011
0111111001110010001
1111111010100001011
0111111100101101001
1111111100101000010
1111111101110110100
1111111100010110100
0111111100010011011
1111111010110100000
0111111100001010100
1111111100101000011
1111110110001011001
1111111010110011100
0111111101000000110
1111111011100001000
0111111101111001010
1111110101101100100
1111111101000101010
0111110111110011100
1111111011000111101
1111110110111110011
1111111100001101110
1111111100010000000
0111111100110100000
1111111100001001111
0111111100010001100
0111110101110011110
0111111011000011100
1111111100111101000
0111111010010110101
0111111000110000011
1111111100111001110
1111111001110010001
1111111100010111111
0111111100000010001
0111111010110111101
0111111100100110011
1111110010010111100
1111111101001100000
1111111011111101111
0111110100110001110
0111111001010100110
1111110111011000011
1111111101110010110
1111111100101010011
1111111001110110100
1111111010100000110
1111111011011111111
1111110101001111110
0111111011011110111
0111111001010000101
1111111101001011100
0111110100111111011
1111111100011011110
1111111010110001111
0111111101010101100
0111111010100100101
1111111101110011111
1111111100110010111
0111111100100110110
1111111100010101110
0111111100110101000
0111111010100100000
1111111100110010000
1111111011000110101
0111111010111100100
1111111011000000011
1111111100000010000
1111111101000001011
1111110111010000100
0111111100010001011
0111111100010010011
1111111101111101000
1111111010001001010
0111111010110110011
1111111001011110110
0111111000011111011
1111111101010111111
1111111100001010100
0111111100100100001
1111111101000101000
0111111101010100101
1111111010111000110
0111111010001010001
0111111101100110011
1111111100110010001
0111111100010111111
0111110111010110001
0111111011101001100
0111111000010100110
1111111101101010100
1111111101000111110
1111111001010101100
0111111100011001000
1111111101110011110
0111110011010101011
0111111011111010100
1111111101101111010
1111111100111111011
0111111100001101100
1111111010111111000
0111111010001111010
0111111100111011101
1111111100111111100
0111111000001000101
1111110101100101111
0111111010110011010
0111111011110100100
1111111101110100111
1111111101111110000
1111110010111110100
1111111000001000111
0111111100000011000
1111111100011101100
0111110011001101101
1111111100100011010
1111111011011010011
0111111101000111101
0111111101000011101
0111111011101001010
1111110110110111111
0111111000101110011
0111111101001100011
1111111000000111101
0111111100011011100
1111111100101100100
1111111010001011111
1111111101100100010
1111111000100101000
0111111101101001000
1111111010100000110
0111111010110100000
1111111100111000000
0111111101101001111
0111111101101010010
1111110100000100010
1111110110001001000
0111111001001011001
1111111101100111101
0111111011100101011
0111111100111011111
1111111101101010110
1111111100110101101
0111111000001001111
0111111011001101001
1111111101000001001
0111111100011101100
1111111101001101011
0111111011101011110
1111111101011011101
0111111011001001101
0111111011100100111
1111111100100100010
1111111011111000110
1111111101100001010
0111111100111100010
0111111011100110000
1111111001100001000
0111110110010000101
1111111101101100101
0111110111110010001
0111110110100010001
0111111101001100000
1111110111000110000
1111111100111101001
0111110011110110100
0111111010110111011
1111111100001111111
0111111101010111000
1111111011011111100
0111111101001100001
0111111011101000000
0111101110010111000
1111111001011101101
0111111010100111111
0111111010101110011
0111111100010110011
0111111101001011101
0111111000011010010
1111111101001111001
0111111010010001001
1111111011001001001
1111111101100001110
0111111100111110111
0111111100110011001
0111111101101100011
0111111001101000011
1111111001010000000
0111111101111101100
1111111100011000100
0111111101101011001
0111111011100001010
0111111100110001001
1111111100000110000
1111111100110101110
1111110101000111100
0111111101011000111
1111110110001100001
1111111101011000001
1111111001101011101
0111111101111111111
0111111000010100000
1111111101101101000
1111111101100000001
0111111101001011011
0111111101101100101
1111111100111101101
0111111100010000111
0111111001111011000
1111111010001001001
1111111001110011100
1111111001011100000
1111111100011000001
1111111011100011100
0111111010101001101
1111111101110011101
0111111011011101001
0111110010011011101
1111111011101101111
0111111101001011001
1111111001001011000
0111111101110010101
1111111101011110100
1111110101000101111
0111101110101110011
0111111001110000010
1111111010100010100
1111111101101011010
0111111011011011001
1111110010001001001
1111110110111101110
0111111000101101000
0111111101000111100
0111111100101111001
0111111011110010101
1111111010011111010
0111111100100101111
0111111100011000111
0111111011111101110
1111111011111101010
0111111101110000110
1111111011110010000
0111111101100000001
0111111011101111101
0111111100010111011
1111111101000010110
0111110101111001101
1111111100001000110
1111111000101010001
0111111010110110000
0111111011011010001
0111111100001000000
0111111001000001111
0111111100101111010
1111111101000010111
0111111100011000011
0111111100110100010
0111111001111011011
1111111101010100011
1111110110011111111
0111111011101000010
1111111101010010011
1111111101101111011
1111111100101001010
0111111001101111110
0111111101101010100
0111111010100101000
0111111010001110100
1111111000011001111
1111111100111011111
0111111011001000110
1111111100011100101
0111111000101001011
0111111001000001010
1111111100011010011
0111111100101101010
0111111100010100010
0111111001011101110
0111111101010001010
1111111101100101100
1111110010011001111
1111111100011111101
0111111100010101110
0111111101000110001
1111111010001010110
0111111000011000001
1111111000010101100
1111111000111011101
0111111101001101001
0111111010011001001
0111111010010001110
0111110010011100010
0111111101011000000
1111111011110010111
0111111000111001001
1111111101011111010
0111111000000001110
0111111010011110111
1111111100001101011
0111111000010001100
0111111100111000000
1111111100011101100
0111111101011101010
1111110110111101111
0111111010110111100
1111111100100100110
1111111001111101011
1111111011001010001
0111110111100101010
0111111011010011100
0111111100111110110
1111111100010001010
1111111101101100011
1111111100001110001
1111111011010110101
1111111001100000110
0111111101001101111
0111111100000101000
1111110111101001110
0111111100100001001
1111111101010001110
0111111011001011110
1111111100110100101
0111111101111010011
1111110110000011010
1111111101101000011
0111111101001110100
0111110110110011001
1111111010101100010
1111111100110101010
1111111010100000110
1111111010001111001
1111111011001011011
1111110111101001100
1111110001111000100
0111111100110010011
1111111010110000101
1111111101111101011
1111111100110010110
1111110110000011111
1111111101111100010
0111111101011001001
0111111101011000100
1111111000010000110
0111111010110110001
0111111001000001110
0111111010001001101
1111110111011000100
1111111100110110111
0111111101001001101
0111111101011001001
1111111100100110011
1111111101100101110
0111111100011010001
0111111100010001101
1111111011101100011
1111111011010110100
0111111101111111011
0111111001111101010
0111111011100100110
1111111001101101101
1111111100000001001
1111111010010000011
0111111100001111000
0111111101110111001
1111111100100101011
1111111000111101101
1111111100011101011
0111111100000111011
1111111010101111000
0111111101111101000
0111111011011011010
0111111011011011010
1111111010001111110
1111111100010001100
1111111010000010111
0111111011011001011
0111111101001111010
1011001111100010011
0000001011010111110
1001000000001000000
0100110011000111110
0110101000010011100
1010011100101101101
0111101001000111011
0000111101011100011
0110010000011111010
0100101010110010011
0000111010011001100
0101001010101100111
1000101000011111000
1010100011000111011
0100110111000010000
0001000101011010010
0011011110110111101
1011001011011010010
1011001110010011000
0001000100100010100
0010011111011101110
0001000111010010111
0110011110011001010
1011111010001011000
0100101000101100011
0011011100111100000
0111100010010000110
0010000110110100010
0011100110011100110
0000011010010101100
1110001010010100000
1001000110010110100
1010100100110100011
1110100001101000000
1001000010111100111
1000010010010001011
0011100001100101100
1111010000100001000
1011011010110101011
1101001000100100111
0000110010111011101
0001001010000001111
0010001110011110001
0101110111111100011
1000011111010011101
0101101010110011101
0110111110001111010
0110010100111111000
0100000011111000110
1011010011011101000
0000010000100001000
1111111100101010001
0011111111111000111
1000110111001100001
0110011101110100011
1100010010111100110
0100100011000010100
1110001100001101100
0010000000011100010
0101110100001011001
0011010101011100111
0101011000001111000
1101011000111000101
0111000110011010010
0110011011001010111
1010100100111110000
1101000111111000110
0000101101011111100
0101101100010101101
1100110110100001101
0010010001000010001
0110100110100110000
0011101111110000000
1011101100001011001
0101010000110011100
1010010010000000001
1001111101111000001
0010000110001001010
0100110010101111010
0000100100110110111
0001001110010011101
0000010100011001001
0110001010011010001
0111010010110001000
0100100110101011010
1010001110101011010
0100101000110100010
0010001001010000011
1011000000110101110
1010001000000111100
0010101110011101000
1010100000111110110
0000010101100000101
0100100010101100101
0001001111111000111
0101111110000001011
1111010110001001111
1110100010111011111
0001100000011011110
0010110100010001000
0011000000011101001
0110010100110000010
0000001001000001000
0101111111011011010
0101000001100111010
1010011001011101110
1011100000110001000
0001001111010000111
1010000001011100111
1001111011101011110
1011110100111101011
1110011011011000110
0001011001101010010
1010100101001101100
0001000010000000001
1100111100001100111
1111001000110001001
0100110101100100010
1001001011111111010
0001101100001110110
1111100000011000110
1001100000111011000
0110001110011100100
1011100111101011111
0011011100001011010
0001011001110111011
0010001000011111100
1010010011100110100
0001111001100101110
0000001101001011110
0000011111110001111
1001100001010001100
1101100100000001001
1100111101011001001
1110010110001001001
0010010011000001011
0101101111001011001
1001101010010011101
1111010010001001101
1100101110001010011
1000100001100001101
0001110101101011000
1111101010000100110
1010110010110011011
0001000011111111001
1111001100101000000
0011100010001100010
1001010001110101101
0010100001100001000
0011000010000011111
0001001010001010000
1110000100100100010
1100000101101110001
0011100000100001101
1010110101101100000
0110000010110100010
1010111111101100100
1111100011010011000
1011100000001110010
1011101011000101001
1111110001100110011
0011001111101110101
0001011111001001011
1000110001011110110
0110000011100111101
0000001110001110000
1010011010100110011
1101111111110110100
1000111001001100100
0010001110010001100
1001010000101011010
0100010000101010111
0011100110000001001
0110010100101100010
1010010111111011010
1010100110010001010
1000111001100101111
1000000100011101101
0101110111100110011
0100111000010011000
1001010110010010110
0100101111011001110
0000001010001100010
1101101100000101000
1001101110010000110
0010011001010100110
0011001101000111111
1010000011001111110
0001100100001101111
1010101010110100101
1000000110101110101
1010010001001011011
1100010101010111110
1000001011010010101
0000110110110101000
0100011100010110001
0101001101001001100
0110010100001111100
1101101010000000111
1111011010001100100
1001111010100111001
1111110010100000000
0101010000000101101
0101010101110110000
1110011000010001100
1000111100101000111
1111100110001100101
1000000100110011011
1100110001101011000
0111010110100111001
0001100100000001100
0110001010101000100
0110100110111000000
1100110111010000110
1010111111100000001
0110101111011001000
0011111010010010100
0110101100100110110
0100011100111101101
0111010010101010101
1010001001011010010
0001101111010111101
0011010100110001101
0100111001010011000
0101001000001001101
1000010110101100010
1000111011101011110
1100010010100101111
0100110000010110010
1001101101101010100
0110110011010001111
0010100000000100110
0011111010111101101
0101111011100000000
0010001000100010101
0101100001101111001
1000100011100010100
0000001000001101101
0100110111010010011
1010000000101010011
0100001110110110001
0011010010011011100
0001000011000000100
1100001001110101000
1000101101001110100
1101101100101110110
0110010001011101111
0001101100001001001
0000111110100010010
0110000001011010001
0111010010001000101
0101001100101000011
1010011001111101010
0001111100000010000
1100100100100000101
0001100010010111100
0110010100010100000
1101111110011101001
1110011010111001101
1001000010111010100
1101011111001101111
0111011100001010000
0001111010100011110
1010011110011011000
0110010111011100110
0000001000110101100
0010000101000110010
1100011011101000101
1111010010110101100
0001111101000001010
1100001101111100000
1000010001000100100
0100001000111100111
1001100110110111101
0010000100111001001
1111111000100111110
0101111011101001001
1010100001100110111
1010101110000011010
1110000100100001101
0111101010010010000
0101000000110100001
0111010000011001110
1000100111100101000
0010011100011011111
1001110100001110010
1000101010001100110
0101110010010000111
0110111001001011101
0001001110010100101
0110110111010110110
1110110001001010000
0100010110111110001
0100000101101011101
1111100011100111011
0101110000011000010
0110001100001010110
0010001000011000111
1110111100001010111
1000001110101001110
1001101011111011111
1110101000000110110
0000100111101001110
1001100001111111001
1010111011110110111
0100110000000110110
0101011110000010110
0010010100011111111
0110001010000111010
1101011101110001010
1100000011011101010
1111000100111111111
1011010000101101100
1101001011001010001
1101001100001010011
1111001001000010000
0100000101111011001
1000011100001011010
0111001011100000011
0000000010111100010
1111011001101011000
0010010011110101001
1000110110000111101
1111001011110010100
1111100110110110100
1000000110101010111
1100101111011001100
1101000111111111010
1100001010000000110
0010000100010011110
0000110011000001011
0100111100011111010
1011110101000101010
1110101011110111001
0101000000000010110
0001101100111011101
0101110000100110011
1001110110100101001
1100110010101001110
0001011010000001011
0011000110110110110
0011001000100001101
1111011100010111101
1100000010011100011
0111000100001100000
0011001110011001110
1110000001010011001
1100001101101110011
0101100110101010100
1000001110010110111
1110011101100110111
1001101000101100000
0101011100001000110
1101000001101101011
1000010111111011010
1010100100010101011
0110000001010110101
1110101111110111100
0011001101111010100
1100011101100111111
0100010110100001000
1011111111111000101
1110101100010010010
0000000011111010011
1001000100101010101
1011111111001001111
0000010100001010010
1010011111101100101
0111010011101100010
1001111110110010001
1101011111100011010
0110011110011000000
0100100101100010001
0001100010010010111
0111101111110100100
0011000110000011010
1101000000101000010
0101010010110101111
0010101000100001100
1100100100001000100
1011100001011001001
0111010111100100100
0011000110111110101
1100101010000100011
0101001010001110010
1100100000000000011
0011010010010110110
1110000010100011100
1110111100001111111
0100011001111000001
0111011010010011110
0101011101111000000
0001000011010010001
1111011011000101110
1010110110000011000
1010011011000001001
0000111100011101101
0111000111111010101
1011000110101101111
1110001100000111100
1001000111010110001
1101100101110101010
1101010010010010001
1010111010110011010
1001110101100111000
0111011101001001101
0000010101001010000
1010001000101010010
1101110110001111101
0110010000111100100
1011110010011000110
1010000110011000101
0101100101000000110
1001011111000100001
1010110000101011110
1011000010001011001
1101010100101110000
1010110111000000000
1101101010111010111
0100000010010111011
1100101000010111100
0110010100010011110
0011101000001101110
0101011011100010001
1110100111111100001
1001000111011100010
0001111110110010000
1101010100110011100
1001100011101110101
0000010101101000011
1000001010110011110
1001100110010001011
1101101101100101100
1001001100001100110
1101000011110000111
1010000100110100011
0001001100110000100
0001111101001101110
1011010010000001011
0110101111111111111
0010100101010111010
1011010100010100100
0111011100000011111
0111101101100110101
1010010011110001111
1000000101000100110
1111101111010100110
0111100010000010101
1110000110100000110
0101001000011010111
1111111010101011110
1101001111010000010
1110101111110001010
0110010011101010010
1010010100000010011
1101000000110011011
0100110110010000011
0010011011010010011
0000010100001100000
0011100111111100010
0110001110011001010
1110110100010101100
1110000111010000110
1111101111010101111
0100001011100101100
1110101010010110011
1001110100010001100
0100101011011000000
0111001101001110100
0001001000011010110
0100000110001110011
1110011010001110101
0111111010000101010
1100110101101000100
0001001000110010011
1110111111111001010
1011001111001000100
0010101111000101001
0001110000010011101
1010111110010000010
0001110100101010001
0101000000000001101
0000101110110011110
0110100000101010110
0010100001001000001
0100001110000011010
1010101101010111001
1000010000000100110
1010011100001010001
1111110100001010101
0011010001001100101
1100101000000010000
1110101000101000101
0001010010010101100
1101011110100010111
0001010110011101011
1111110110100011001
0110101111010111110
1100101111100110110
0010000011011101000
1101011100010111100
1001100111110010011
0000011111111010001
1010000001010010111
0101101000110111000
1101011000000011100
0110010101000011101
1100101110100101001
1011100001000000000
0101000110100101110
0000010111110110000
1000101100011011101
0110101000111001110
1111010100110111111
1101101100101000000
0010011101111010111
0100010111101001000
1011000010011110010
0010011100010011010
0001000011111101011
1010110110111001100
0101101000110100110
0011110000111010111
1110100100110000101
1101110110111011010
1111110010101010100
0010000011010111100
1001000000110111110
1110101000000100011
0001100101000110110
0111111010001101001
0111111101000111001
0101110000101110110
0001110111010011011
1101100001010101011
1100110101000000000
0011000010111111111
1111010001010001011
1100101011101101011
0011101010100110001
1111101100100000100
1000100011110110110
0100101001100100000
1011010010100110000
0110000110010100110
0001010101001111101
0001000000011111000
1101100110010101100
0000000100111000001
1011011100000111011
1010111101101100000
0011000000011001011
0100101111111111001
0100011111100000110
1000100011010010011
1000011111111001110
1010111011111000111
0011011110001000001
0111011110100010100
0001010100010110011
1110011111100010010
1011101111001111100
1100111110111101000
0000000100101010001
0000101100111011100
1010101111100001100
0111110110100111010
0111000110010010010
1100110010100011100
0110100110000001011
1000101101101101101
1001110111001000001
0110001011010001111
0111100000010010101
0101110101000011001
0101100000011000101
1001110010011111001
0110000011011101000
1000001010010111001
0101100101011100010
1111101110010111011
0001101101000011001
0100100010010000101
1111000110100101010
0111000000101110110
1011011100011011111
0000100100100000110
1001110101011101111
0111110110000110101
0110010001111100111
0101101000000011001
1100011100100101111
0100110000110001001
0101110111111010100
0110011100101010011
1100000100111100111
0100100001111011100
0000110000000101110
1100010000111010101
0010010100100001001
1000111000000010111
0000001100111000110
0111011000010100001
1011011110111011110
0100010101101101100
0101000010001101001
1010100110110000110
1001101001010100011
0100001110100101111
1011001110001000001
0111000010110010111
0110100011110000100
0010000110000101110
1001111101100010100
0110100011010100000
1100011010110000110
0101001111001100011
1110000111111111011
0000110011001111111
0010111110010100011
0110001111000001001
1010000100011000100
1100001001011100000
0110110000000101110
1001100110101100111
0101101010100100000
0100000110000011111
1100101100100101001
0100000000001101000
0010011011100101111
0111101100011010101
1000111111101100111
0110100010100001100
0001110010101011110
1110100111011100111
1110011000111101011
0101111100000001000
1101010001000001011
0011110111010000011
0000001101111010100
0011011100011101010
1100110100000000100
0100001101001100101
0011111001010011100
1111111001000101110
0100000101111110111
1100010111001000110
1010100011001010110
1111101100000000101
0111111100111000010
1000100110100110011
1100001010100011101
1111010000000011111
1011101111111111010
0011111111001011011
0010111101111100010
1101101010000100101
1111000101101100110
0101100010010001111
1011010100100000000
1110001000101101110
0001010000001000010
1000100111111010001
0001000010110101001
0010101100110101010
0011101101011011101
1000110111000100010
1001011011011001000
0101101110100111111
0010011010110111000
1101011001011101010
1011011100010100101
0010101110011110010
1011111000010001010
1100011111010011111
1110101000101111100
0010000001010000100
1101110110001010100
0110101000000011110
0101001100101111011
0001100011010101010
1010101011011011100
1001011100000000011
0101010010101000110
0101110100001010100
0010100100111111110
0000100101000110111
1100011111011011100
0110101100000001000
0001010101101011001
0101001101111000110
0010111101001100010
0010111110100101010
0101111110101111111
1011011010011010011
1011111001101001001
0010111110000001010
1011100000100011011
0100110001000101101
1101010111000100101
0100000010000101010
1001111101101011011
0001001000010000010
0100101110010010101
0010000010110110111
0110101110011101100
1010101000101100001
0100101001011111011
0101000001001000010
1111011001111110110
0100101011010001011
0110010101000101001
1011011001100100100
0111101010011111000
1000101110111100011
1001010001110111100
0011011101110100010
0001001011001100010
1010010110110110000
0111101110010001111
0100111010000011111
0001011111101101110
1001000011010000010
0100111110001100111
1101100001011011100
0010000001010010101
1000011000001111101
1101101000010011110
0001111000001101000
1110001111100110100
0000100010110110000
1110001001001011110
1110101110001101110
0011110000010100001
0011000000011101110
1010010100001101101
1010010110010101111
0000110110000100000
0001011010101000001
1101000010010001111
1010100101000000111
0110101101000111101
1111001111000100100
1011100100011001000
0010101010110000111
0110011001100010011
0101000111100010100
0101100110001000000
0100001111000101100
0111100001010001111
1111101111111001001
1110110010000100001
1111101001000010010
1101001011000100000
0001001110010010100
0000110000010101011
0011111100110110100
0011111011011001110
1101101000111010111
0110011101001111000
1100001011101001001
1110000011101110110
0110111100101111100
1110100010111110111
1001100011000010100
1110011001110010001
1110101000011011011
0010110000000011111
0001011100000001010
0000101100010100100
0100001000110011110
1110011000101101101
1001010111111101110
1001111100010010110
1101010100110011010
1011110110101000000
1010101111000111111
1111110000001010101
1101100001000010011
0011001001000101111
1110011100110001000
0111001011100010000
1010011011110000110
1101001110000111100
0000011110111011110
0001010101101000011
0101111000100111100
0110010101000100100
1000110000001101001
1101100100000000011
0111110000011000001
0011011010010111101
1001111100100000100
0111110011100011001
0101100011011111100
1000011100001111100
1000000101000101010
1001000110010101011
0101110101000010111
0101110100000001010
1001001110010010101
1011011110111110011
0100010000001110101
1101111000100110100
1101000100010110010
1100010100011100110
0011001000011100111
1011001000001011101
0001010001110010100
1010010010000001100
0010011110101010001
0100101011000010111
0000010001000110001
1100110001100111011
0001111110010000000
0010011010011000110
1000100000101000011
1010001110001001001
1001111000101100000
1011001011111100111
1101001000001011110
0011100011100001010
1111101001000001111
0111001110010101100
0110111110000010001
0011111011000000110
0100100101101001100
0001111010011100011
0100010101001111100
1101001010100011010
1011111010000100101
0000111111101100010
0010010111101101111
1010100000011101011
0111100111110110011
0110001010000001000
1100001100010001010
1011001001010011110
0000100110001010110
0100101001000111100
0110100000111111000
1001000000100110110
1111010100000000110
0101000101000010100
0011101010001001100
0010110100010001001
1001001001101101011
0011000111100011110
0111000100011110101
1010101100100100110
1001010110001100001
1001001000000000101
0110010000101100011
1011011000010100110
0110110000111011111
0100101011001011000
0110011010111010100
0011001100100101011
1011100011011001111
1000001110000101111
1001111001011011011
1011101111100011101
0100011001110111110
0010111110110100001
1000110010000101011
1010111010010000010
0100000111011001111
0110100000010000101
1001100101110111010
1011110101010111101
0110100101010001101
0110010101100101100
0100011001100010100
0000011000010111000
1101101111011110100
0111010101000110111
0111100110011100100
0100100110001111111
1010111001110111001
0101011111000010010
0101000110111010011
0100000110111100001
1000010010110011010
0010111010001111100
0110000011101101110
1111101001111110100
1110100000101000001
0100110111101011101
1000110000011011111
0011000011110010101
0100100101000011010
1001010011111010110
0000011011011100101
1110111101111001110
1011111000001101111
0110011101000101111
0010011000000000001
0100001110110110001
0001101011101001111
0010000001010010011
0111011101000101111
0101010111100001101
1101100100000111000
0111011110001011010
0110110101001110010
0001001110010011000
1101110111000111010
1000110000000110101
1001111001010101110
0101100101100000100
1001001111000111001
1110010101100100001
1010111011111111011
1011111100100011101
0011101101011100010
0111100011000000001
0001001000001010110
0011100100001001011
0000010100001101000
1010111011001001100
1001101100100110100
0000000100000111001
1101110000110111111
1110011110111011000
0100001100001101001
0001001110000000001
0010111011111000100
1100110100001000000
0101000000100000000
1001001000001000000
0011101100110100000
1110000000110111010
0000101010001101000
0110100111010010111
0011001010101011101
1001010110000111101
1001101100100000011
0110110101001010001
0000011110101011000
0001100010010011110
1100011000100010111
0011001101001000111
1010010010011101001
0001001000111111010
1000110010111100000
1111001000000100001
1110010001010001010
1000111100001101100
0111110000000011000
0101110001011111010
0110011000000011010
1100011110010100100
0101011010011000000
0001010110000111000
0010100010110001111
0000011010000010001
1111111000011101110
1101110010001000110
0010010010000000011
1111111010111000010
1110101000101111111
1110101111000000001
0001010101000100110
0010100010100000111
1101101101000110011
1111100100000000111
1101110111010101101
0101111110011000100
0111000100011011011
0111110111000000011
0001000011010101000
1100100100110101000
1000111001001011000
1110111011010101100
0110111110000010101
1110001100000111110
0111010000110011000
0101010101010011000
1110110000101000000
1000000011001000110
0011101100000010000
1011111101011100111
0100100111010111011
0011011110100000110
0011000001100101110
0100101111111000010
0100011101001011010
1110111000010000011
0101101101001110101
0010101011001100010
1100010010010001011
1001001111001000000
1001011011011001101
1111101000110101101
1100100111001110111
0110011010101011000
0000100011011101111
0010100010111001100
1101100001111011010
1111011110000110101