1111111111000110001
0111111100011000000
1111111100100101100
0111111000010000101
1111111010111010101
0111111111011010111
0111111100111011110
1111111101001100010
0111111010100011110
0111111110100010110
0111111111001110010
1111111010101000000
0111111011110001111
1111111100000111100
0111111100100010111
0111111100100111011
1111111110001111110
0111111100010100100
0111111110100100101
0111111010101111000
1111111111001000100
0111110100000000000
1111111011110001000
1111111101100111010
0111111111001111000
0111111000001100000
1111111101101011100
1111111010111101100
1111111100000100111
1111111010001110010
1111111100100110010
1111110101100100000
1111111101011000010
0111111101011010001
0111111001101100010
0111110110011111000
1111111101100101010
1111110111000100100
1111111001001011100
1111111110011110011
0111111110001001101
1111111110100110000
0111111010001011000
1111110110110000100
1111111101010100110
0111111101101111101
0111111101110011011
0111110111110100000
0111111100110011000
0111111010101110000
1111101111001000000
1111111100010000010
1111111100000101010
0111111101010010010
0111111110111010110
0111111101110001110
1111111100110000110
0111111010001111000
0111111011011011100
1111111110110111001
1111111001000011100
1111110110011100100
1111111100011110010
1111111101101000011
1111111000000001111
1111111100110110110
1111111010100101101
1111111100010000010
1111111100011000010
1111111100001101001
1111111101111010011
1111111010000000110
0111111101110000010
1111111000111010000
0111111010101011011
0111111110101001100
0111111101110010110
1111111100011110011
0111111100011100110
1111111010011001001
0111111000000111101
0111111101001110000
0111111010100001000
0111111010001011100
1111111100010100111
1111111011010000111
1111111101011110000
1111111111000010001
1111111100000100010
1111111100001011100
0111110111001111000
0111111101010000100
1111111111011110111
0111111100011001100
1111110100100100000
1111110111000110100
0111111001010000011
0111111001011010100
0111111101001001100
1111111101100000010
0111111110101000000
1111111010110010110
1111111011000011000
0111110110001001100
0111111000001010100
0111111110000111000
1111111101100111100
0111111011110010010
0111111111011000100
1111111001100010110
0111111100101111001
0111111101101111110
0111110110111001000
1111111100110111110
1111111010011101110
1111111111010010000
0111111111111001111
1111110100011011100
1111111110000011110
0111111100010000001
1111111110101000011
0111111100010000100
0111111100000110011
1111111110001100100
1111111101010100111
1111110111101100000
0111111010001101011
0111111110100000000
1111111100010011000
1111111011110100110
0111111101110110100
1111111110010010100
1111111110010001100
1111111011010011101
0111111110001110011
0111111110101010011
0111111111100001010
0111111111011001110
0111111000001001010
0111111111001011100
0111110111000001100
1111111011010000110
0111110011000101100
0111111110110011110
0111110110101101000
1111111010110111101
0111111011111000010
1111110000100001000
1111111100111111000
1111111101001011011
1111111101000010110
1111111100010011000
0111111011101101101
1111111111001111110
0111111010101000101
0111111111000000000
0111110110000110000
1111111101010010110
1111111100101010010
1111111000111100000
1111111110011100010
1111110110101010100
1111111111000000000
0111111000001100000
0111111110111000100
1111111010001001000
1111111100000110011
0111111100110111110
0111111011001101010
0111111101010001010
0111111110000010001
0111111001110001100
0111111011001110100
1111111100000010100
0111111001101000100
1111111110010010011
1111111001110100101
0111111110100110011
1111111110010000100
0111111110100011110
0111111011000100110
1111111010011001111
1111111101000100011
0111111010010000011
1111111110110011010
0111110111111101100
1111111100011100000
1111111100000011010
1111111101001100100
0111111110011001111
0111111110000010001
0111111001101100010
1111111011000001100
1111111110011001101
1111111101000111010
1111110110011101100
0111111101101111100
1111111111010001010
1111111000111001100
0111111100100110010
1111111000111110000
1111111110000011011
1111111110010000110
0111111101101010101
1111111010011000110
1111111110000000110
1111110100101001000
1111111010011010110
0111111110000010000
1111111010001111110
0111111110001100010
1111111111000001000
1111111110100010100
0111111110010010010
0111110110011010010
1111111000101110011
0111111111010001001
1111111101010101101
0111111010001011110
0111111100111011011
0111111100011101110
0111111110000101001
0111111100000001000
1111111001100010110
0111111110111011011
0111111100110001011
0111111101011110111
1111111100011101011
1111111100010010010
1111110100000000000
0111111001000100011
1111111000101000001
0111111101000110100
0111111111000101010
0111111110100010001
0111111101111011101
0111111000110110011
1111111100001000000
0111111011110011001
1111111110000111111
1111111010110001000
1111110100011101111
1111111110110001011
1111111101011111000
0111111000100101110
1111111110000011000
0111111010001100100
1111111110011101000
1111111100010111110
0111110110001101000
0111111110001001010
0111111101010001000
1111111010011100010
0111111101001011000
1111111101001100111
1111111000010000000
1111111111000100011
1111111010001111011
1111110100110100000
0111111001111110010
0111111100111010111
1111110111010110011
0111111101010111010
0111111110011010111
1111111110010101001
0111111110010001001
0111111100111010111
1111111100001011111
1111111110001001010
0111111101000011011
0111110100101101000
0111111100000101011
1111111010000001110
0111111110000111100
1111111100101001000
1111111100010101001
0111111110010000011
1111111101001000001
0111111110001111001
0111111110011110100
1111110001011100100
0111111111110001101
0111111101001001100
1111110100111110000
0111111110111100000
1111111101011001011
0111111110010000110
1111111000000001100
0111111100101011111
1111111101011101010
1111110110111100000
0111111100100010100
1111111110000011011
0111110100010010000
0111111110001100100
1111111111100101001
0111111110011100101
1111111110011000000
0111111110010001100
1111111101011000100
1111111100000111001
1111111100000001101
1111111111100100100
0111111110010101001
0111111001010000110
0111111110000110011
0111111110001001111
1111111000101011100
1111111110111001110
1111111010111100110
0111110100001011000
1111111011000111000
1111111011100011010
1111111010100101110
0111111001000101110
0111111101001010010
1111110011110100000
0111110110110010100
1111111101111110000
0111111101011111010
0111111111011010100
0111111110011010100
0111111100001010011
0111111101010000001
1111111011000100000
1111111101111011010
1111111101100011001
0111111100101000001
1111111110000111010
0111110101000000000
1111111001111100101
1111111111011101110
0111111010000000110
0111111001110001110
1111111100000101100
1111110111010101000
0111111101100010100
1111111000110011001
1111111101001010011
1111111101011011110
0111111000000011010
0111111010111001111
0111111001101110100
0111111101101100011
0111111000001100110
0111111100011101110
1111111110011011110
1111111100101010001
0111111100010100000
0111110110101111000
0111111110000001100
0111111110010101000
1111111010100001010
1111111111110000110
1111111011101001111
0111111001101000000
0111110111101101000
0111111110111101011
1111111110101001111
0111111001110001000
0111111110000011110
1111111100100011110
1111111101100110110
1111111110101111010
0111110001001000000
1111111101101111110
0111111101011001101
1111111011111101111
0111111001110001000
0111111110110101110
1111110111101000000
0111110111100001000
1111111110001100100
0111110111010111000
0111111100001111000
1111111101110110110
1111111110000010000
1111111101000000101
0111111110000111010
1111111110011100000
1111111111100100010
0111111101000110001
1111110111011110000
0111111000001110110
1111111110000110010
0111111110111100000
